ecoll
61620721090001701
61583374630001701
61535212190001701
61535214920001701
61535209460001701
61647584340001701
61549768600001701
61535213950001701
61549769100001701
61535213980001701
61535213910001701
61535213920001701
61535213770001701
61535216340001701
61535212930001701
61549769420001701
61561674210001701
61535213990001701
61535214870001701
61621267580001701
61622407220001701
61620710370001701
61535214500001701
61621278410001701
61621289460001701
61621276950001701
61535210050001701
61535216300001701
61653866090001701
61535210640001701
61535209720001701
61535213870001701
61620721050001701
61535211000001701
61542639680001701
61535215970001701
61646111860001701
61535210240001701
61535215820001701
61549768580001701
61535209990001701
61535211020001701
61666846750001701
61643313550001701
61535213850001701
61535209430001701
61535209810001701
61535214650001701
61621263210001701
61535214340001701
61535212300001701
61535216480001701
61535211080001701
61535210220001701
61535216540001701
61535212160001701
61535215070001701
61535214750001701
61535213860001701
61535215910001701
61535215830001701
61621307320001701
61559824840001701
61535214760001701
61535211160001701
61535212520001701
61535210930001701
61535210730001701
61535210330001701
61615466490001701
61615235550001701
61535212040001701
61621320990001701
61651959680001701
61647111360001701
61542639120001701
61535215110001701
61535210340001701
61535211050001701
61535211040001701
61535210910001701
61535216220001701
61549769980001701
61535214490001701
61535214800001701
61535211410001701
61535216120001701
61535212390001701
61559825000001701
61620721010001701
61620720980001701
61643830980001701
61621428360001701
61621427780001701
61621427390001701
61535211060001701
61622222130001701
61535210780001701
61535210720001701
61655340970001701
61623345220001701
61535210950001701
61535210980001701
61622412070001701
61622221860001701
61535214600001701
61645163540001701
61535213380001701
61535213370001701
61535213650001701
61535213900001701
61535213360001701
61643929540001701
61573625510001701
61617392630001701
61535216150001701
61535216310001701
61535212350001701
61608643340001701
61535212560001701
61535209510001701
61535214570001701
61613539780001701
61649737540001701
61535215030001701
61535212690001701
61535212780001701
61535214120001701
61535211290001701
61535210120001701
61535212110001701
61535212120001701
61535214140001701
61535213630001701
61535214230001701
61535215940001701
61535215960001701
61535215980001701
61649737260001701
61535212940001701
61535212330001701
61535214720001701
61535210880001701
61535214280001701
61535211390001701
61643133760001701
61535211770001701
61535211140001701
61535211130001701
61535211870001701
61649735960001701
61637155600001701
61535210770001701
61535212340001701
61535216460001701
61621332940001701
61535211880001701
61535213810001701
61646192490001701
61535214700001701
61535215000001701
61549768380001701
61535211380001701
61535211500001701
61535211890001701
61535212070001701
61535216130001701
61535211280001701
61535215660001701
61535214670001701
61535210430001701
61535209820001701
61535211640001701
61535216000001701
61535210800001701
61535213420001701
61606425200001701
61559824830001701
61535216050001701
61535215510001701
61535216040001701
61535215530001701
61535209610001701
61535216510001701
61535210580001701
61661877640001701
61557939550001701
61535209540001701
61535213940001701
61535210890001701
61535211210001701
61535215260001701
61535212360001701
61535211230001701
61535213760001701
61535211070001701
61605731370001701
61605731130001701
61606614910001701
61535212060001701
61535211580001701
61535214960001701
61535212980001701
61535210970001701
61535211420001701
61535210960001701
61535211850001701
61535213890001701
61535215320001701
61535215360001701
61605731160001701
61535209550001701
61535213010001701
61535211220001701
61535216100001701
61535216320001701
61535211240001701
61535211270001701
61535211260001701
61535215370001701
61605731150001701
61535215390001701
61535215440001701
61535212240001701
61608277450001701
61535215890001701
61535210990001701
61535215160001701
61535211300001701
61535215450001701
61605731120001701
61535215460001701
61535211310001701
61535210470001701
61535214890001701
61535210650001701
61535213330001701
61535213320001701
61535213300001701
61535213260001701
61535213240001701
61535213230001701
61535213660001701
61535213640001701
61535213600001701
61535211120001701
61535213590001701
61535213620001701
61535213610001701
61535213530001701
61535213550001701
61649727900001701
61649727250001701
61535215150001701
61535213970001701
61624504590001701
61535210070001701
61535216060001701
61535214050001701
61549769160001701
61589241240001701
61535210230001701
61535214040001701
61642695030001701
61615455230001701
61535210490001701
61535210630001701
61535214540001701
61535214470001701
61535212450001701
61535209910001701
61535210400001701
61654035690001701
61616141560001701
61535215540001701
61535211810001701
61649937810001701
61535211910001701
61535210130001701
61535209900001701
61535213140001701
61549769000001701
61535210030001701
61535214390001701
61535209630001701
61619285450001701
61535209640001701
61535211440001701
61535211100001701
61535210410001701
61605523560001701
61535209530001701
61535212460001701
61535216420001701
61643830900001701
61654808780001701
61549768430001701
61535209800001701
61535211170001701
61613246280001701
61535211830001701
61613366370001701
61571454420001701
61665943980001701
61535211560001701
61535216520001701
61535211690001701
61535214850001701
61535214290001701
61535215770001701
61535215750001701
61535215860001701
61535210180001701
61535216200001701
61535216250001701
61535210210001701
61535212010001701
61535211990001701
61535213340001701
61535212470001701
61535210000001701
61535210100001701
61535216170001701
61535211570001701
61535211970001701
61535215850001701
61535215380001701
61535215840001701
61535215780001701
61535215810001701
61535215870001701
61535215730001701
61535215740001701
61535215670001701
61535214860001701
61535216450001701
61535216410001701
61535216440001701
61535216430001701
61549770880001701
61535216380001701
61535209440001701
61535216370001701
61535216330001701
61535216210001701
61535214250001701
61535215010001701
61535215990001701
61535216240001701
61535216230001701
61535211660001701
61535215100001701
61535214220001701
61535215190001701
61535215200001701
61535211620001701
61535215180001701
61535215210001701
61637437340001701
61535214950001701
61535215410001701
61535212910001701
61535215020001701
61535215040001701
61535214980001701
61535214970001701
61535214780001701
61535214790001701
61535214550001701
61535214830001701
61535214590001701
61535214620001701
61535215430001701
61549770320001701
61535215680001701
61535215700001701
61535210670001701
61535213790001701
61623679430001701
61535215600001701
61535215590001701
61535215500001701
61535215580001701
61535211520001701
61535212380001701
61535212370001701
61535210680001701
61535212400001701
61535212420001701
61535215120001701
61535212960001701
61535213080001701
61535210690001701
61535213090001701
61535213100001701
61535214430001701
61535214410001701
61535213170001701
61535213180001701
61535213220001701
61535213200001701
61535212750001701
61535213800001701
61535214400001701
61535212730001701
61535212840001701
61535212850001701
61535212800001701
61549770960001701
61535212810001701
61535210700001701
61535210790001701
61535213880001701
61535211190001701
61549769950001701
61535215290001701
61535211940001701
61535210370001701
61535215330001701
61635374950001701
61654809460001701
61549768390001701
61535214420001701
61535212050001701
61651634730001701
61649735910001701
61535216260001701
61535211710001701
61535210660001701
61619505660001701
61535211590001701
61650668010001701
61535215560001701
61637568410001701
61615455280001701
61535213960001701
61622468470001701
61622519290001701
61620250140001701
61549769410001701
61624402740001701
61655815870001701
61535213930001701
61535209880001701
61535209950001701
61646957550001701
61535211790001701
61535210480001701
61535210140001701
61535212580001701
61535215710001701
61608324790001701
61535214740001701
61623007760001701
61535212710001701
61535212990001701
61535216470001701
61535211110001701
61535212610001701
61535213110001701
61646957230001701
61535212830001701
61535212720001701
61535214010001701
61614148410001701
61535213500001701
61535212870001701
61620266510001701
61535212620001701
61535214630001701
61535214170001701
61535212290001701
61535212250001701
61648028080001701
61535211740001701
61535211750001701
61535212020001701
61535214020001701
61535211900001701
61535214610001701
61535209680001701
61535209700001701
61535209660001701
61638053320001701
61535211730001701
61535209850001701
61535210850001701
61535213050001701
61535213130001701
61589734310001701
61535215340001701
61622697330001701
61642679670001701
61637776990001701
61535209980001701
61535212680001701
61622465280001701
61535215490001701
61535212480001701
61535212140001701
61535211540001701
61535214090001701
61535210600001701
61535210610001701
61535210590001701
61535210570001701
61535210560001701
61535210550001701
61535210540001701
61535210530001701
61535209760001701
61535214440001701
61535212310001701
61535214100001701
61535211720001701
61535210810001701
61535211760001701
61535211010001701
61535214270001701
61662639690001701
61535210760001701
61535214910001701
61535216140001701
61535214080001701
61622584240001701
61535212900001701
61535210440001701
61535210940001701
61549770890001701
61535210520001701
61535209620001701
61535215090001701
61535210510001701
61535209690001701
61549769310001701
61535214180001701
61617784250001701
61637345370001701
61631766370001701
61619303620001701
61549769190001701
61535214060001701
61606534590001701
61662655180001701
61585607540001701
61611781340001701
61610544570001701
61535210290001701
61535213040001701
61535214070001701
61535210740001701
61535215690001701
61542640050001701
61535210080001701
61575821350001701
61535212890001701
61642540310001701
61535213030001701
61622864020001701
61535210270001701
61535216280001701
61646012430001701
61662667880001701
61535216010001701
61535212200001701
61535215420001701
61622603980001701
61535211090001701
61535210390001701
61535210280001701
61608643390001701
61535215280001701
61535214150001701
61535209930001701
61535210860001701
61535214000001701
61605410250001701
61535213750001701
61535212820001701
61608644660001701
61535215800001701
61535213070001701
61535210200001701
61535213060001701
61535209730001701
61616320320001701
61662898000001701
61535215520001701
61542638400001701
61535216290001701
61535215230001701
61535216500001701
61535214160001701
61631763500001701
61535210820001701
61647372990001701
61542638180001701
61647696610001701
61535210250001701
61647366510001701
61535211950001701
61535211800001701
61535215080001701
61535209570001701
61535210420001701
61666147810001701
61649738680001701
61571503630001701
61554128300001701
61535210500001701
61622627230001701
61549769700001701
61535214580001701
61622681210001701
61552283680001701
61535214680001701
61622715970001701
61666664480001701
61618776220001701
61622697050001701
61535210160001701
61643177410001701
61535210260001701
61605747850001701
61656125610001701
61535212230001701
61646112260001701
61620267030001701
61535211320001701
61535215480001701
61614938920001701
61640618310001701
61535215220001701
61535214520001701
61535209450001701
61535210350001701
61535213820001701
61535213270001701
61535211930001701
61535214770001701
61535214190001701
61535210450001701
61620720930001701
61650774990001701
61612083550001701
61552283930001701
61651513110001701
61535210010001701
61651526100001701
61535210090001701
61655986230001701
61652521860001701
61535211470001701
61549768810001701
61535212640001701
61535210170001701
61561919470001701
61535210750001701
61651487660001701
61643876970001701
61644185620001701
61535212430001701
61535212510001701
61535212490001701
61535212500001701
61535212440001701
61535212410001701
61649753190001701
61649475050001701
61535215570001701
61535211450001701
61535214880001701
61535211250001701
61535215950001701
61621305020001701
61621263010001701
61535213150001701
61642777130001701
61535210320001701
61535216160001701
61535216180001701
61535209830001701
61535214450001701
61542639020001701
61535209500001701
61535211430001701
61535216070001701
61650696720001701
61535212320001701
61638657370001701
61535214370001701
61535216390001701
61638637210001701
61638636790001701
61535214990001701
61535214460001701
61535216360001701
61616288080001701
61662654730001701
61535213120001701
61535210710001701
61535213160001701
61535210310001701
61535212260001701
61584851070001701
61535211600001701
61535209770001701
61638636560001701
61638635780001701
61651346570001701
61666509750001701
61666092960001701
61535211400001701
61649735630001701
61642207210001701
61666151720001701
61535211550001701
61542640060001701
61535211820001701
61637917640001701
61535211840001701
61649734370001701
61654211250001701
61535209600001701
61535212210001701
61645813160001701
61648153130001701
61535212650001701
61535211780001701
61535210360001701
61549768880001701
61535213720001701
61549768890001701
61535213730001701
61549768830001701
61535213670001701
61549768840001701
61535213680001701
61549768860001701
61535213690001701
61549768870001701
61535213710001701
61549768650001701
61535213350001701
61549768720001701
61535213410001701
61549768730001701
61535213440001701
61549768690001701
61535213390001701
61549768700001701
61535213400001701
61535211480001701
61535209790001701
61649729870001701
61535212920001701
61535211860001701
61641378290001701
61665898430001701
61535212950001701
61535211700001701
61535214360001701
61535214350001701
61535214810001701
61535213740001701
61535209780001701
61535214930001701
61535209710001701
61620749040001701
61535213430001701
61535215900001701
61535211960001701
61559824820001701
61662664300001701
61535210150001701
61535214130001701
61535212150001701
61662664240001701
61535214660001701
61535210870001701
61642540500001701
61535214310001701
61535212170001701
61535210380001701
61609890150001701
61621831640001701
61549770630001701
61620388380001701
61535211150001701
61549770940001701
61651823900001701
61650933140001701
61535215640001701
61535212080001701
61621894530001701
61535216550001701
61535212660001701
61662663540001701
61535214840001701
61641504870001701
61641577660001701
61535211490001701
61535216090001701
61615433440001701
61621888570001701
61535212090001701
61535216110001701
61535215060001701
61542637840001701
61542639290001701
61535214690001701
61535215400001701
61549768530001701
61535215170001701
61535214260001701
61644109480001701
61535215140001701
61535214320001701
61535212570001701
61535209480001701
61535209520001701
61621909140001701
61642131300001701
61666202080001701
61535213570001701
61535214210001701
61535213540001701
61535214240001701
61535212540001701
61621909100001701
61621924560001701
61649765250001701
61535212100001701
61608795430001701
61535215300001701
61535213560001701
61535213510001701
61535213520001701
61535213480001701
61535213490001701
61535212530001701
61535213450001701
61535209970001701
61535215250001701
61535214030001701
61535213460001701
61591638410001701
61621832480001701
61649752810001701
61535213020001701
61535213470001701
61535212600001701
61542638270001701
61619659100001701
61535213250001701
61535214640001701
61535210060001701
61535213280001701
61535213290001701
61535213310001701
61620720900001701
61618810070001701
61624535360001701
61535209940001701
61535211030001701
61535209750001701
61649751290001701
61650231400001701
61655212700001701
61646950600001701
61646950580001701
61542637850001701
61542637860001701
61542637870001701
61542637900001701
61542637930001701
61542637940001701
61542637960001701
61542637970001701
61542637980001701
61542637990001701
61542638000001701
61542638020001701
61542638030001701
61542638040001701
61542638050001701
61542638070001701
61542638100001701
61542638110001701
61542638130001701
61542638140001701
61542638160001701
61542638170001701
61542638190001701
61542638210001701
61542638220001701
61542638230001701
61542638240001701
61542638250001701
61542638260001701
61542638280001701
61542638290001701
61542638300001701
61542638330001701
61542638340001701
61542638350001701
61542638360001701
61542638370001701
61542638380001701
61542638410001701
61542638440001701
61542638460001701
61542638470001701
61542638480001701
61542638500001701
61542638520001701
61542638530001701
61542638540001701
61542638550001701
61542638560001701
61542638580001701
61542638590001701
61542638600001701
61542638610001701
61542638620001701
61542638630001701
61542638640001701
61542638660001701
61542638670001701
61542638680001701
61542638690001701
61542638700001701
61542638710001701
61542638730001701
61542638760001701
61542638780001701
61542638790001701
61542638800001701
61542638810001701
61542638820001701
61542638830001701
61542638840001701
61542638850001701
61542638860001701
61542638880001701
61542638910001701
61542638930001701
61542638940001701
61542638950001701
61542638960001701
61542638970001701
61542638990001701
61542639040001701
61542639050001701
61542639070001701
61542639080001701
61542639090001701
61542639110001701
61542639130001701
61542639140001701
61542639150001701
61542639180001701
61542639190001701
61542639220001701
61542639230001701
61542639240001701
61542639250001701
61542639260001701
61542639270001701
61542639300001701
61542639310001701
61542639320001701
61542639330001701
61542639340001701
61542639350001701
61542639360001701
61542639370001701
61542639380001701
61542639410001701
61542639440001701
61542639450001701
61542639460001701
61542639480001701
61542639490001701
61542639500001701
61542639550001701
61542639570001701
61542639580001701
61542639610001701
61542639620001701
61542639630001701
61542639640001701
61542639650001701
61542639670001701
61542639700001701
61542639710001701
61542639720001701
61542639730001701
61542639750001701
61542639760001701
61542639770001701
61542639790001701
61542639800001701
61542639810001701
61542639820001701
61542639830001701
61542639840001701
61542639850001701
61542639860001701
61542639880001701
61542639890001701
61542639900001701
61542639910001701
61542639920001701
61542639930001701
61542639950001701
61542639970001701
61542639990001701
61542640000001701
61542640010001701
61542640030001701
61542640080001701
61549767970001701
61549768000001701
61549768090001701
61549768100001701
61549768330001701
61549768350001701
61549768420001701
61549768460001701
61549768480001701
61549768540001701
61549768550001701
61549768590001701
61549768630001701
61549768640001701
61549768740001701
61549768750001701
61549768850001701
61549768900001701
61549768920001701
61549768950001701
61549769030001701
61549769070001701
61549769110001701
61549769120001701
61549769130001701
61549769200001701
61549769230001701
61549769260001701
61549769270001701
61549769280001701
61549769300001701
61549769350001701
61549769380001701
61549769430001701
61549769440001701
61549769490001701
61549769500001701
61549769610001701
61549769630001701
61549769650001701
61549769660001701
61549769740001701
61549769790001701
61549769870001701
61549769900001701
61549770030001701
61549770090001701
61549770120001701
61549770200001701
61549770210001701
61549770230001701
61549770240001701
61549770310001701
61549770370001701
61549770420001701
61549770440001701
61549770470001701
61549770500001701
61549770510001701
61549770540001701
61549770550001701
61549770590001701
61549770640001701
61549770770001701
61549770840001701
61549770950001701
61549770990001701
61552283570001701
61552283610001701
61552283740001701
61552283770001701
61552283800001701
61552283860001701
61561598150001701
61588428410001701
61589285780001701
61613564860001701
61613960770001701
61617847530001701
61619536260001701
61621384190001701
61621407390001701
61621898450001701
61621920190001701
61622835370001701
61623123560001701
61634687790001701
61638657520001701
61644112990001701
61646950970001701
61649049480001701
61651243760001701
61651463010001701
61666316030001701
61549768010001701
61549768020001701
61549768080001701
61549768110001701
61549768120001701
61549768130001701
61549768140001701
61549768150001701
61549768160001701
61549768170001701
61549768190001701
61549768200001701
61549768230001701
61549768250001701
61549768260001701
61549768290001701
61549768310001701
61549768340001701
61549768360001701
61549768400001701
61549768410001701
61549768440001701
61549768450001701
61549768470001701
61549768490001701
61549768500001701
61549768510001701
61549768560001701
61549768570001701
61549768610001701
61549768620001701
61549768660001701
61549768770001701
61549768780001701
61549768790001701
61549768800001701
61549768820001701
61549768930001701
61549768940001701
61549768960001701
61549768980001701
61549768990001701
61549769020001701
61549769040001701
61549769050001701
61549769060001701
61549769080001701
61549769090001701
61549769150001701
61549769180001701
61549769210001701
61549769220001701
61549769240001701
61549769290001701
61549769330001701
61549769340001701
61549769360001701
61549769370001701
61549769390001701
61549769400001701
61549769450001701
61549769470001701
61549769480001701
61549769540001701
61549769560001701
61549769580001701
61549769590001701
61549769620001701
61549769640001701
61549769680001701
61549769710001701
61549769730001701
61549769750001701
61549769780001701
61549769800001701
61549769810001701
61549769820001701
61549769850001701
61549769860001701
61549769910001701
61549769920001701
61549769930001701
61549769940001701
61549769970001701
61549769990001701
61549770000001701
61549770010001701
61549770020001701
61549770040001701
61549770060001701
61549770070001701
61549770110001701
61549770150001701
61549770160001701
61549770170001701
61549770220001701
61549770250001701
61549770360001701
61549770380001701
61549770400001701
61549770410001701
61549770430001701
61549770450001701
61549770460001701
61549770490001701
61549770520001701
61549770560001701
61549770580001701
61549770610001701
61549770620001701
61549770650001701
61549770660001701
61549770670001701
61549770680001701
61549770690001701
61549770700001701
61549770710001701
61549770750001701
61549770760001701
61549770790001701
61549770800001701
61549770820001701
61549770850001701
61549770870001701
61549770900001701
61549770930001701
61549770980001701
61552283540001701
61552283620001701
61552283780001701
61552283840001701
61552283870001701
61552283980001701
61552284160001701
61552284190001701
61612804490001701
61614988130001701
61621323560001701
61621355970001701
61621356270001701
61621376240001701
61621383800001701
61621834540001701
61622026030001701
61622150550001701
61622443920001701
61623063340001701
61623066580001701
61623071740001701
61623076870001701
61623109190001701
61623113730001701
61623117690001701
61642540690001701
61642541970001701
61654081650001701
61666080380001701
61668805830001701
61552283530001701
61552283560001701
61552283590001701
61552283600001701
61552283650001701
61552283670001701
61552283690001701
61552283700001701
61552283710001701
61552283720001701
61552283760001701
61552283790001701
61552283810001701
61552283820001701
61552283850001701
61552283880001701
61552283890001701
61552283900001701
61552283950001701
61552283960001701
61552283970001701
61552284020001701
61552284030001701
61552284040001701
61552284080001701
61552284090001701
61552284100001701
61552284120001701
61552284130001701
61609263380001701
61620717120001701
61620718060001701
61620733000001701
61620733480001701
61620733940001701
61620737730001701
61621262710001701
61621303700001701
61621304860001701
61621307020001701
61621323250001701
61621323830001701
61621346780001701
61621353890001701
61621355830001701
61621357070001701
61621357980001701
61621358870001701
61621359810001701
61621360300001701
61621370570001701
61621375350001701
61621375580001701
61621383520001701
61621384000001701
61621385960001701
61621386650001701
61621388030001701
61621390090001701
61621408010001701
61621424890001701
61621425450001701
61621835440001701
61621881470001701
61621889310001701
61621892630001701
61621894410001701
61621938230001701
61622018610001701
61622027750001701
61622082390001701
61622102980001701
61622106100001701
61622106340001701
61622143190001701
61622299520001701
61622427210001701
61622439480001701
61622441100001701
61622444130001701
61622450860001701
61622452160001701
61622461640001701
61622463360001701
61622467610001701
61622469080001701
61622476030001701
61622476780001701
61622518730001701
61622529930001701
61622589580001701
61622605400001701
61622605930001701
61622608520001701
61622611900001701
61622613400001701
61622613840001701
61622614320001701
61622772850001701
61623127240001701
61623137190001701
61636192350001701
61645323690001701
61648019380001701
61589347650001701
61590817190001701
61620731210001701
61621374950001701
61621389930001701
61621397060001701
61621397400001701
61621407090001701
61621919290001701
61622824330001701
61622865640001701
61623933090001701
61624161320001701
61634688120001701
61651366770001701
61648034830001701
61648828400001701
61655814260001701
61535210900001701
61670424000001701
61535215470001701
61535211370001701
61535210460001701
61535216190001701
61535214200001701
61535215620001701
61535212790001701
61535211670001701
61535209560001701
61535213580001701
61642220990001701