ISBN
9788460917714
9788460918056
9781402048025
9781402050720
9781402050224
9780387258000
9788462091948
9788462093386
9781761942351
873673911
980325041X
878680484
1881221472
1881221337
528177900
9780912764309
080581032X
1585760770
917888012
158113212X
9780939950766
9780773532034
1559042105
158041148
158041161
158041099
2934090
801424638
435086028
810610920
793561300
1572520759
9780736059415
1581133148
9781877989436
71054054
935028848
876964003155
634020050
9561105925
890160359
9561104481
9561601329
333599570
155934633
9780521830052
9562440019
325003341
1060672260
785436335
588740706
1588740046
803933685
057362743X
11696768
80502753
9780974664820
929484471
158041210
158041193
158041172
793525065
524208096
54961805594
873676199
1558850606
9780873515706
1565450933
978300125368
9780160779499
087436738X
9781405106621
9789995434080
4509917652
078035395X
23493311
1559342550
812235033
9780195219235
1577640739
814463052
1561764937
634022282
1635163139
1855493390
8040605145
1563686025
205121244
160645485
160308483
567205666
931885036
9567369711
875530233
1886928729
9783865601
9781903436826
8203601076
9780300120907
571280154
1884211012
574440470
9781931794235
80393753
803022039
059042055X
786402366
9780061129235
1192619063
9780691125007
801314111
879860304
93960326
573691623
699508047
130831440
521442806
763477545
917159207
158041139
631155786
187906301X
187906301X
187906301X
8433910695
824074677
9780412931267
195131338
9297132047
393022554
865877382
897099040
403099071
160694631
889291209X
573689176
915943531
31447357
697078900
877653680
670830596
20361500
8439716188
771400581
816028780
160775669
978193246025X
155423345
817542293
189127828X
38526763
938909512
9581800329
830512565
271009862
962288113
9972400117
9972400040
915943531
86709425
9972400036
080831407X
821811359
9789280730381
9972400257
155970586X
897604270
9780450407090
910251046
865590085
9684115204
152056766
39574281
8131412665
813141224X
8131412673
8131412657
8131412215
8131412223
813141269X
8131412681
8131412258
8131412231
932319133
9780203005495
839011711
839011711
9781607146716
9781043904041
816115267
790783201
9789644662719
9780319412691
933388567
933388545
933388523
9783865607498
9780942303114
7399929550
9781430246264
9789460919262
9781610911826
9780387262334
9783642367487
9783642458212
9781430235673
9781846287390
9781430273051
9781430247749
9873764321838
9783540332669
9783642253601
3642012752090
9781461412523
9781430226692
9781461447599
9783642333737
9781461448597
9781402051522
9781577832551
80393753
913618428
9789078677026
9787040316910
9799460914164
9783642367487
9788462091948
9788462093386
9783612175923
9781067615682
9783642458212
9781606490866
