ISBN
928814433X
066281928X
526502163X
962714513X
476368585X
066015163X
523900780X
080581032X
997275525X
0000031260
0000105116
0002934090
000320724X
0003925933
0004457944
0006391251
0007016393
0007275025
0019822921
0020119911
0020505673
0023179206
0023181106
0028642943
0028970545
0030965882
0032053445
0037413665
0038526763
0039457452
0039574281
0041694453
004191657X
0043519553
0044445557
0045004810
0052147198
0054961805594
0058228884
006016370X
0060922275
0063115765
0063229000
0064294028
0064436074
0066015363
0067083070
0067945245
0068300497
0068301930
0068304869
006830500X
0068308722
0068338842
0068389110
0068392928
0069101109
0069126718
006912975X
0070447871
0071054777
0074785375
0075090289
0080322186
0080393753
0080502753
0081338063
0082011469
0083180865
0083187350
0083311715
0083623013
0083897758
0085162229
0087051637
0087070496
0087425397
0087477655
0087527509
0087843016
0087894677
0088626426
0089118832
0089357278
0090540906
0091245507
0091274145
0091737505
0092281148
0092951056
0093837811
0093910306
0093960326
0094472925
0094532086
0095166044
0099737074
010262153X
0103164167
0106283710
0108535538
0117302378
0119817222
0121128403
0130112874
0130992025
0131252388
0131813219
0139391655
0144303123
0148086770
0152015454
0152056766
0152200563
0152776969
0152880039
0155423345
0155860091
0156700517
0157105434
0157105655
0158821108
0158821113
0160293401
0160308483
0160337065
0160341474
0160509762
0160645485
0160694631
0160775669
0167108002
0176691305
0177480561
0185322372
0185763131
0187004143
0187949990
0187984163
0188506826
0188807016
0188812600
0190631476
0192362387
019252718X
019262401X
0192855267
0193291342
0195039344
0195091254
0195131338
019521147X
0195622795
0195639450
0195775011
0195887759
019716176X
0198112821
0198122232
0198149325
0198158218
0198219890
0198258654
0198282865
0198292588
0198534871
0199232170
0199244164
0205210650
020807014X
0208810457
0213273729
0226067973
0231007946
0231070346
0231100471
0233981194
0233985723
0252016137
0252017022
0252061480
025320911X
0262071631
0263011115
0271009862
0271010616
0271015014
0272830212
0275394934
0275933411
0275934939
0275943389
0281072714
0286673979
0290163515
0295776593
0299132206
0300006352
0300052725
0300056679
0300643850
0304032589
0306442684
0308455048
0309049840
0310066097
0312050312
0312055847
0312060787
0312069262
0312084554
0312120570
0312124247
0313574961
0314716011
0316132664
0316472927
0316968944
0320010426132
0321838354
0332465462152
0332923081
0333522582
0333934580
0349577248
0363141727
0374278544
0374555245
038519163X
0385437036
0387946920
0387948610
0387971042
0387997204
0391104097
0393022554
0393027901
0393028773
0393034900
0393036592
0393037808
0393045458
0393369588
039453255X
0394569451
0394573317
0394581010
0394588417
0394812920856
0395817121
0397507837
0397511404
0397515886
0397518499
0397948287
0398067265
0400040078
0400405556
0404780766
0409033512
0412035122
0414011649
0415010014
0415026343
0415035190
0415044907
041504807X
0415053865
0415068662
0415076635
0415181137
0415504273
0419219909
0419813064
0435086028
0436201311
0442234955
0442811326
044303464X
0443077632
044481841X
0452001612
0452941630
0452943285
0456016642
0460972664
0465008322
0471450776
0471561808
0471567243
0471926540
0471939060
0471969597
0472088561
0473011335
048704500X
0500042893
0501002689
0503020900
0515045002
0521052162
0521285901
0521350192
0521364067
0521373512
052137624X
052141177X
0521412971
0521415851
052142018X
0521421256
0521441096
0521442806
0521443491
0521450466
0521450481
0521472311
0521485875
052149508X
0521522443
0521533381
0521554550
0521562189
0521564168
0521581588
0521590969
0521661302
0521670633
0521830618
0524208096
0527347083
0533153350
0534349545
0534567956
0536583510
0555581390
055570137X
0556172443
0557504598
055860149X
0560791519
0560970383
056098063X
0562573498
0562620088
0565450515
056670202X
0567065090
0567201954
0567205666
0568980221
0570300171
0570739358
0571179931
0571370569
0571990381
0572010088
0574440470
057588674X
0582057953
0582298269
0585608007
0586656085
0600002200
0600002669
0600002707
0608065020
0608600311
0623033673
0627111660
0630174524
0631155786
063116193X
0631180233
0632038087
063717544X
063805080X
0642184627
0642192546
0644248694
0644278195
0660151605
0660151621
066015163X
0660151648
0660151656
0660153624
0660153640
0660153659
0660153667
066027959X
066057446X
0660592558
0660600255
0660615603
0660637879
0662187295
0662234575
0662264027
066226926X
0662272296
0662615578
0662619733
0662622819
0662627159
0662635058
066281928X
0663780002
0666235371
0670676852
0670830596
0670844450
0670846506
0670853324
0670859754
0671746749
067412790X
0674169901
067454540X
0674923395
0679086445
0679402170
0679415121
0679417421
0679432176
0679433607
0679434848
0679441238
0679442822
0679447785
0679579240
0679585879
0679729708
068167608X
0683010720
0683014761
0683018244
0683034453
0683035183
0683035500
0683037677
0683076652
0683079658
0683089160
0683089360
0683092853
0683304871
0683913556
0684192405
0684839122
0689315194
0689511173
0691036556
0697400907
0700070468
0702130124
0702132860
0704370302
070690431X
0706955539
0706960193
0706983501
0709893589
0710305054
0712206392
0712344189
0713636538
0713650010
0713650011
0713650012
0713650013
0713650014
0713650015
0713650021
0713650022
0713650037
0714634350
0714654117
0714837978
0717628982
0718513699
0719012998
0721629988
072165053X
0723416983
0724120431
0724120523
0724263198
0724274994
0724777323
0727994963684
0729302956
0731000262
0731010128
0731010144
0731503421
0734203917
0735506253
0735530562
0735542190
0737900000
0739997453
0742475460
0743611326
0748230754
0748615522
074900510X
0750040987
0750500633
0750608071
0750608675
0750613062
0750661235
0750691720
0750904368
0751404198
0764301050
0770016670
0771003852
0771400581
0772994368
0772994386
0777070002
0777881961
0779220278
0780304254
0780555173500
0780608108
0781502183
0781514805
0781515236
0781705197
0784401254
0784603190
0786393298
0786402366
0786407288
0788208571
0788844985
0790731255
079130729X
0791347091
0791402776
0791800894
0791805067
0791805613
0791807949
0791860407
0791880020
0792007800
079239780X
0793513858
0793528965
0793561300
0796204821
0796969634
0800630801
0801424638
0801621298
0801656533
080166676X
0801674870
0801842424
0801864988
0801866459
0803022094
0803221510
0803269290
0803618995
0803931532
0803944984
0805010900
0805700371
0805773044
0805782388
0805802000
0805805933
080581032X
0805939160
0806126877
0806127433
080612803X
0807613599
080831407X
0809030642
0810315049
0810610920
0810829952
081082995X
0811801688
0812235033
0812318764
0812424649
0812913292
0813009119
0813015234
0813308582
0813378696
0813821599
0815120383
0815135499
0815148519
081515774X
0815171205
0815197583
0815313051
0816028780
0816042749
0816115267
0816172788
0816173441
0817542293
0818675116
0819413625
0819909545
0820115108
0820421338
0820435014
0820514190
0820522622
0820553973
0821201570
0821811359
0822301047
0823222014
0823629106
082370486X
082370633X
0823921133
0824030519
0824033212
0824055125
0824072466
0824074677
0824781749
0824786080
0824787589
0826177707
0830332360
0831775863
0831806433
0832009335
0833025299
0833028312
0833029011
083302902X
0835174819
0836301741
0838569847
0838633733
0838635744
0838636294
0838905470
0838905910
0839011711
0839367158
0840070607
0842702735
0842703588
0842703871
0844408621
0844409675
0844665066
0845001008
0845076904
0845076916
0845731280
084762867X
0847676067
0847803667
0847811578
0847814010
0847817769
0847820103
0849266887
0849301434
0849335243
0849363000
0849379389
0849388153
0849389108
0851420790
0851733127
0853745360
0854034281
085407640X
0854076507
0854076809
085496616X
0856497283
0857980264
0860785234
0860788247
0861322033
0861340349
0861340375
086140362X
0861931379
0863162450
0863710167
0865422709
0865545895
0865590085
0866338199
0866780705
0867764648
0868489211
0869034305
0869763960
0869802086
0869824522
0870497083
0870528328
0870890299
0870999616
0871044322
0871044566
0871113521
0871135944
0871447067
0871635426
0871684265
0871684338
0871684405
087224042X
0872242368
0872497588
0872930612
0873301446
0873386447
087371672X
0873893890
0873894357
0874365997
087462902X
0875742973
0875981331
0876055091
0876306021
0876307303
0876479078
0876543978
0877370377
0877727334
0877927139
0877933585
0877936290
0878271512
0878367005
0878464000
0878886061
0879516907
0879551110
0879905936
0879972370
088001322X
088001641X
0880331866
0880331873
0880332529
0880333455
0880333644
0880333696
0880335506
0880486675
0881061084
0881267721
0881303314
0881334551
0881652066
0881677511
0881678964
0881700725
0882050165
0882424506
0882680627
0883026172
0884159722
0884299200
0884299243
0885070020
0885383283
0885445695
0887183515
0887330852
0887334483
0887598247570
0887749004
0888837200
0889368800
0890035014
0890035111
0890691481
0891169366
0891181383
0891188143
0891656007
0891780340
089206801X
0892068036
0892068052
0892068079
0892068095
0892529076
0892529181
0893773228
0893916626
0893917099
0895537118
0895730961
0895804692
0895842070
0896031611
0896035284
0896036520
089603722X
0896039929
0896293396
0896401886
0897074236
0897075174
0897077711
089707785X
0897079246
0897556010
0897604270
0897693052
0897693109
089785216X
0897914237
0897975617
0898535668
0899305790
0899417844
0899900426
0900188074
0900411219
0901091090
0901362957
0901503575
0901719274
0903880353
0904927307
0905450890
0905804811
090701555X
0907776151
0909013114
091062727X
0911611081
0911797514
0911883020
0911883030
0912303478
0912410054
0912647160
0913516181
0913702464
0914163207
0914282812
0914337212
0914785008
0915135040
0915279090
0915291615
0915597510
0915745199
0915745212
0915745213
0915745239
0915943531
0915957146
0916300429
0916308717
0916365343
0916582023
091745195X
0917756276
0918579837
0919867007
0919867009
0920717220
0921033071
0921258115
0921394278
0921463240
0921537061
0922602142
0923183030
0924157123
0925686305
0926577006
0928071342
0929493003
0929924093
0930289755
0930304542
0930697101
0930815291
0931377054
0931416096
0931539147
0931759542
0931885036
0932069003
0932231017
0932250421
0933067195
0933388501
0933595830
0934051049
0934165469
093441739X
0935028848
0935118030
0935457443
093550206X
0935545011
0936607230
0936889053
0936908229
0936911060
0937425369
0937707424
0937790483
0937797368
0937804646
0937931038
0938909512
0939682002
0939870004
094109478X
0941236198
0941276173
0941320671
0941441108
0941441110
0941441111
094232416X
0942604600
0943001289
0943294009
0943411228
0943671161
0943909857
0944110489
0944437002
0944920053
0945167389
0945192066
0945193868
0945745186
0945921102
0945965274
0946219040
0946652610
0949228484
0949474239
0950000857
0950230991
0950290669
0950290820
0950330533
0950341119
0950390220
0951220637
0951576816
095223530X
0952707618
0952797802
0952797804
0953128203
0953668356
0953942254
0954718589
0954787500
0955303211
0955905244
0958560859
0960265620
09611710X8
0961227601
0961493200
0961550532
0961927207
0962157091
0962288113
0962359098
0962475001
0962760600
0962768262
0962768269
0962946601
0962946603
0962954550
0963090740
0963186597
0963370016
0963413608
0963413612
0963413614
0963413615
0963413620
0963413622
0963413625
0963413626
0963413628
0963413632
0963413633
0963413634
0963413640
0963413646
0963413652
0963413658
0963413663
0963413665
0963413669
0963413680
0963413681
0963413685
0963413699
0963429900
0963516320
0963784088
0964871601
0965039046
0965079670
0965210307
0965620606
0965770819
0966638612
0966638613
0967533413
0967533445
0967653064
0968308248
0968681502
0969448085
0969560011
0969567377
0969688417
0970390222
0970572371
0970648471
0972122226
0972221000
0972972000
0972973003
0973090763
0973276637
0974897011
0976631018
097700222X
0977171429
0977183003
0977222105
0977301805320
0977503338
0977526401
0978061536009
0978161790046
0978161790056
0978300113211
0978300125368
0978300134445
0978300162752
0978300166712
0978818733056
0978969955710
0978984338506
0979754604
0981020378
0981020719
0981020805
0981559810
0983303801
0984627035
098707601X
0987654321
0987746481
0987975863
0987992634
0991655010
0993050381
0994464616
0996190912
1002528077
1008920735
1057059138
1060672260
1087334065
1093550159
1093550160
1093550161
1093550168
1188245412
1192619063
1202887029
1278611393
1278611466
1300077513
1369121518214
1369121518221
137886100X
1397808032595
1397899944501
1402017245
1409911143
1438158222
1464322734
1526496006
1534310605
1546741397
1555391725
1555541883
1555655541
1555681503
1555780153
1556192697
1556545090
1557041711
1557130553
1557181255
1557253833
1557290344
1557750191
1557752482
155775334X
1557783332
155784617X
155784620X
1557847593
1558212783
1558341611
1558409975
1558599033
1558850606
1558852473
1558905893
1559591184
1559632574
155970586X
1559745011
1559834210
1560323600
1560329776
1560389998
1560531171
1560721861
1560724296
1560791790
1560801500
1560817655
1560917919
1561690544
1561764937
1561951392
1563594009
1563686025
1564100326
1564320722
1564640271
1564820820
1565450933
1565800970
1565842742
1565910660
1565945072
1567790092
1568890845
1570060808
1570371077
1570544325
1570545453
1570595900
1570730697
1570733396
1570737252
1570830360
1571130938
1572300899
1572303673
1573625509
1573700052
1573872651
1574734232
1574881878
1575250022
1575795480
1577193511
1577869766
1578590903
1579620711
1580628457
1582074238
158369782X
1584230866
1585200070
1585660770
1585760857
1590623931
1634007319
172060883X
1758498141
1770013625
1770021852
1770057436
1775196000
1779050190
1788189654191
1801615933
1803101035150
1810926305
1811572929
1815166281
1815174799
1818172064
1819017083
1819025797
1819034864
1819034865
1820317675
1841950855
1843695572
185043300X
1850435535
185074647X
1851668442
1851668499
1851832097
1852242958
1853390033
1855381973
1855493390
1856600282474
1856800200
1857192026
1858640093
1858653503
1858983891
185898508X
1860205007
1860843302
1862870432
1863204663
1864483885
1864513647
1866733015
18707840XX
1871577186
1872500162
1872556081
1872970003
1873200118
1873461284
1873771036
1874026313
1874545656
1874698006
1875529242
1877663600
1877761577
1877886377
1878148002
1878148003
1878283066
1878318163
1878397011
1878685424
1878979674
1879061876
187906301X
1879369152
1879639040
1880216064
1880508050
1880684771
188106001X
1881094040
1881221472
1881388040
1881665994
188170205X
1882245400
1882744011
1882993874
1883011495
1883305347
1883631015
1883953147
1883956011
1884174001
1884955079
1885131053
1885214369
1886106089
1886244005
1887128445
188720412X
1887311026
1888063215
1888174027
1888327000
1890589007
189116720X
1891800100
1891921593
189206828X
1892456388
1892710001
1897023012
1897198150
1898124029
1899906163
1902636069
1903007609
190413329X
1913303010
1919812281
1929446200
1930723292
1931717050
1932305914
1932680021
1933833288
1935414509
1939657767
1941694496
1942614240
1950062310663
1950062310830
1950062310922
1970243006
1973836716
1978156954137
1978193176262
1978580245708
1978616329938
1982529106
1984069029
1989243999
1991010105
2000040737
2000043420
2000043554
2001006740
2002114696
2009019588
2011449344
2012026555
2013025835
2013352416
2014323013
2035712301
2070113088
2070729111
2070736978
2074730346
2080107091
2080135890
2080356099
2080677290
2080686277
2080711160
2080730596
2082105355
209190055X
2091900592
2091904490
2091907455
2091907811
2091908165
2130410761
2130424185
2130433559
2130448482
2130466055
2130471295
2130520047
2200215550
220781122X
2212036152
2213022762
2213026587
2213031999
2213213551
2213359495
2213592227
2213602790
2213607149
2214214100369
2220052566
2221078525
2222044130
2225840661
2226076664
2234055469
2234055620
2235020555
2246522614
2251450024
2251604224
2251604248
2251621661
225169117X
2251780056
2252000000
2252027700
2253170044
225492404X
2266068724
2275002026
2275022332
2275032214
2275032375
2284025158
2503501662
2600000772
2600006482
268004212X
2685789012
2701120766
2705512243
2705660146
2705661250
2705661397
2705661601
2705661618
2705661663
2705661687
2706107269
270611161X
2706815474
2707900291
2709611326
2709913866
2710111404
2711828493
2714305192
2714306270
2714306343
271430636X
2714306402
2714307511
2715217604
2715218882
2718190190
2718191168
2718196022
2721004925
272270046X
2723802215
2726901886
2728302002
2728302053
2728302061
2728302088
2728302096
272830210X
2728302118
2728302169
2728302177
2728302207
2728302223
2728302231
272830224X
2728302258
2728302282
2728302312
2728302339
2728302347
2728302355
2728302363
272830238X
272830241X
2728302436
2728302460
2728302479
2728302487
2729706889
2730409288
2731400437
2733250010
2735503226
2738102636
273811221X
2738406686
2738414011
2738443069
2738443748
2738443946
2738443960
2738445545
2738447654
2738460850
2738460903
2738475835
2738492855
2747505904
2771825741
2771825760
2771836460
2781011310
278212358X
2788302790
2795702917
2800410234
2802310411
2804121471
2813604460
2825104669
2826604800
2832700221
2841499342
2842058616
2842688009
2842722724
2843736124
2843852350
2844783950
284675068X
2846790268
2850211351
2850471150
2850471960
2850662458
2850850561
2852034169
2853992733
2853994173
2859441761
2860000022
2860002007
2860010051
2860490119
2860490127
2861061080
2864245644
2864461157
2864461531
2864960514
2865382067
2865382113
2865382180
2866005232
286600581X
2866005887
2867011646
2867442254
2867444901
286775195X
2868080551
2868081503
2868202122
2868202351
2868781235
2869120315
2869120578
2869120629
2870033009
2870093901
287027749X
2870312301
2871130134
2871430734
2875350151
2876783498
2876871585
2877041466
2877063574
2878230079
2878230338
2878380536
2878430513
2879012036
2880065061
2883890031
2894043490
2900923019
2900923021
2901242043
2902375424
2902797376
2902894739
2902916255
2902930040
290344064X
2904171308
2904469916
2904835211
2904835274
2904856010
2904906391
2904949192
2905397949
2905583829
290583820X
2905838218
290583928X
2905848086
2906136040
2908199102
2908710406
2908794060
2909031186
2909109014
2909241611
2909283257
2909317100
2909450041
2909618014
2909673083
2909924850
2912433041
2912927551
2913210652
2913431753
291368900X
2913689018
2913698030
2915498034
2917518021
2921204103
2922008422
2930847312
294358096X
2950255976
2950364808
2951183866
3002913050
301000010X
3060023716
3090102812
3100207255
3100207266
3110135363
3161464618
3161480920
3161482520
3205063435
3205978377299
3205985569
3257292225
3289331173
3329184685627
335102814X
3361316674
3422064335
3430185363
3442010105
3447030660
3447035273
3462020184
3465029893
3474688280
3477046392
3477048921
3484181066
3484303370
3485564366
3487009396
3487097105
3487115059
3496025261
3518404249
3537876502
3540144551
3576122719
358374791X
3627100822
3630850017
3631467787
3687200074
3687200085
3702009290
370590067X
370590070X
3708198073
3715000315
3715518624
3720600347
3763242438
3765100255
3771901234
3775123619
3775706645
3794134351
3798206995
3804284708
3811435963
3817502160
3822895044
3823814459
382631276X
3828568266
3832900746
3850842419
3851246451
3851246822
3851291183
3851320078
3852192573
3852523444
3852680989
3854051243
3854051264
3854291680
3854760114
3858238068
3860070408
3878750343
3879791225
3880020053
3882700820
3884883000
3885401392
3890020401
3891650982
3893021549
389454145X
3900323561
390046742X
390046756X
3901126844
3906549203
3906620037
3920195410
3920421066
3922209906
3923776278
3926433040
3926446678
3927050031
3927480089
3928999379
3929667302
3929673003
3929673020
3929678038
3932608187
3933166033
3933765050
3933807287
3934344272
3950009002
3950017201
3950030923
3978762761
3978879099627
3978940953506
3980260201
398966398015X
4022560623
4040324666
4186031881
4267012472
4515060685
4654380218
4685071065
4694071453
4717415071537
476368585X
4763685933
4770017833
4772570247
4772570262
4772570300
4775194314
4785800219
4852855510
4879967801
4890391003287
4900398110
4924694127
4924876021
4938163114
4938242120007
4990009977
4990009984
5010026278
5010033966
5010036943
5010042600
5011861691
5020082824
502009856X
5020202734
5020293711
5039861691
5042861691
5047861692
5049861699
5050861692
5064861692
5080861694
5086007537
5087403022
5089069082
515526368X
5170244307
5201005260
5201005884
5201006089
5201006444
5201012617
5201012991
5201133309
5203019288
5207004467
5210020350
5228009198
5232027944
523300106X
5233001108
523401728X
5238013657
523900780X
5239007831
5239011410
5239018514
5239018515
5243001785
5244022851
5246003580
5248002345
5250023046
5250025177
5264006930
5265009379
526502163X
5265034821
5268014229
5270011901
5288006803
5288016990
5331002185
5345420395
552000478X
5541840178
5648006855
5660759120
5660759145
5660759151
5667009699
5699115554
5700004388
5700505195
5702009442
5704209727
5705507212
5706000036
5706000164
5706000167
5706691142337
5707001030
5711501908
571330277X
5718702488
572600105X
5726802112
5728100788
5728101033
5728103388
5728105291
5730101278
5732502888
5733000537
5733304248
5738300784
5740610092
5747100027
5749300597
5751120617
5751200142
5751600171
5753301783
5755700645
5757200969
5757601017
5760000027
5762004370
5771200180
5771200498
5772801119
5779800768
5780702421
578090039X
5780900629
5785001597
5787000686
5787300043
5787300054
5787300065
5787300355
5787300425
5799502737
5799600183
5800032220880
5800059789186
5800065347424
5800594091
5806608919
5814307768
5824302284
5835513090
5835801226
584538064X
5846400311
5850024040
5850250210
5850800265
5850800278
5851971284
5852201415
5852330032
5852330038
5852330331
5852552080
5852640322
5854410092
5855550217
5856320088
5856470420
5857410014
5857590231
5857591584
5857671097
5858100299
5858100777
5858110034
5858291079
5858870307
5859020672
5859100117
5859210120
5859620455
5859760045
5860020245
5860070955
5860072595
5860140020
5860202303
5860202600
5861560086
5861690589
586171017X
5862630024
5862903815
586348024X
586384052X
5863880776
5864630460
5864653285
5865670473
5866060020
5866060030
5867160150
5867890144
5867931807
5867933019
5868540663
5868590056
5869830180
587039103X
5871070134
587113109X
5871260031
5871350864
5871800183
5872880785
5872900209
5873150026
5874440261
5874440338
5874441329
5874444058
5875070041
587532024X
587532125X
5876390048
5877720443
5877920047
5877980141
5878570182
5880110037
5880440755
5880910017
5882006190
5882640019
5883160191
5884310767
5885110619
5886280140
5886620061
5886630105
5887457289
5887660223
5887900847
5887900875
5888403010
5888790014
5889870291
5890070039
5890070079
5890460399
5891350825
5891910092
5892270026
5892270028
5893290031
5893290531
5893290557
5893290711
5893290806
5893290820
5893290851
5893296464
5893296466
5893296467
5893297836
5893297850
5893297874
5893298086
5893320507
5894762487
5895170275
5895170347
5895170430
5895170442
5895170532
5895170545
5895170577
5895171371
5895171474
5895171481
5895462048
589546205X
5897570095
5898281419
5898700614
5899300677
5899422503
5899422523
589942350X
5900053149
5900241022
5900241028
5900307225
5900779023
5901520385
5902204109
5908259554044
5908259554167
5926500012
5930150170
5930150178
5930700697
593165046X
5932690022
5933490961
5940020094
5940520539
5941280088
594128052X
5942015655
5942050233
5942050266
5942390038
5946630171
5946630197
5946630207
5946630289
5946630353
5946630365
5946630473
5946630507
5946630827
5946630887
5946630935
5946630953
5946630974
5946630985
5946631007
5946631015
5946631037
5946631553
5957590191
5975000015
597580099X
5980910293
598098003X
5982010037
5982640028
5983700040
5986300186
5993273191
5994000984
6009293019
6166616103
618753604X
6190097814
6194123049
6194124711
6194124901
6507740120
6885260486
6950506160
6964480043
6964480558
696504450X
6988343196
7075417524
7155150226
7221021421
7287456493
7301015381
7301017077
7301029175
7305352526
7309012409
7310005398
7500051774
7500412788
7501312755
7503111790
7504910605
7505701616
7509668101669
7509668103014
7533703996
7534805235
7534806002
753601992X
7538702895
7542303599
7544316093
7561704616
7561904672
7563104203
7601013107
7707179450232
777005044X
7770050857
7770053562
7775066204
7775491002
7800032098
780003256X
7800032713
7800860106
7805089658
7805151308
7805233758
780523435X
7805282689
7805282751
7805284462
7805686396
7810143043
7810145437
7871490277
7873644363
7893706540254
7983037643655
7988129508805
8014191910118
8070130867
807013143X
8070188474
8070626865
8085781366
8086447094
8089028696
8096886943
8100001739
8100071912
8107102086
8107950414
8108722665
8118546983
8120003099
8120202114
8120203258
8120203757
8120204178
8120302570
8120408260
8120611534
8120612211
8120613267
8120615362
812061635X
812061889X
8120711720
8120712929
812071339X
8120713518
8120713980
8120714006
812072116X
812072567X
8120730772
8120809245
8120812020
8120812128
8120812152
8120812217
8120812349
8120812381
812081256X
812081273X
8121003867
812120351X
8121204374
8121206122
8121207080
8121504575
8121504621
812150463X
8121504702
8121504745
8121504753
8121504834
8121504850
8121504869
8121504877
8121504923
8121504958
8121505060
8121505176
8121505257
8121505265
8121505281
812150529X
8121505311
812150532X
8121505354
8121505362
8121505370
8121505419
8121505433
8121505486
8121505575
8121505583
8121505702
8121507673
8121602829
8121606247
8121670477
8121700494
8121903741
8122307412
8122411396
8124100981
8124101110
8124101287
8124102662
8124105350
8124109165
8125013404
8126011652
8126013708
8126024155
8126024450
8126311195
8130202761
813120397X
8131412215
8131412223
8131412231
813141224X
8131412258
8131412657
8131412665
8131412673
8131412681
813141269X
8157966165
8166769013
816740504X
817000511X
8170008089
8170032622
8170033022
8170071850
8170072004
817007206X
8170072086
8170173609
8170173633
8170181814
8170206701
8170227888
817023041X
8170232922
8170240673
8170242675
8170246624
817026213X
8170270374
8170271542
8170271551
817027156X
8170271578
8170271608
8170271616
8170271632
8170271705
8170271713
8170271802
8170271810
8170271829
8170271853
8170271861
817027187X
817027190X
8170271918
8170271985
817027249X
8170283866
8170301968
8170302332
8170302367
8170302966
8170303233
8170303517
8170304561
8170312532
817031298X
8170313059
8170314377
8170331006
8170331014
8170331022
8170331030
8170331049
8170331057
8170331073
8170331086
8170331091
8170331134
8170331142
8170331177
8170331216
8170331220
8170331247
8170331255
8170331263
8170331271
8170331362
8170331389
8170331475
8170331504
8170331519
8170331585
8170331597
8170331601
8170331615
8170331629
8170331654
8170331662
817033168X
8170331696
8170331700
8170331719
8170331724
8170331745
8170331758
8170331777
8170331818
8170331822
8170331847
8170331853
8170331886
8170331894
8170331923
8170332046
8170332059
8170332072
817033210X
8170332116
8170332123
8170332158
8170332165
817033219X
8170332213
8170332268
817033228X
8170332294
8170332328
8170332347
8170332406
8170332433
8170332447
8170332458
8170332549
8170332561
817033261X
8170332623
8170332641
8170332721
8170332738
8170332752
8170332794
8170332807
817033281X
8170332855
8170332898
8170332903
817033291X
8170332938
8170333047
8170333069
8170333072
8170333098
8170333146
8170333152
817033321X
8170333242
8170333251
8170333286
8170333339
8170333386
8170333395
8170333449
8170333483
8170333495
817033351X
8170333522
8170333537
8170333629
8170333632
8170333648
8170333661
8170333684
8170333697
8170333829
8170333841
8170333895
8170333944
8170333958
8170333961
8170333976
8170333983
8170334005
8170334022
8170334043
8170334056
8170334094
8170334109
817033410X
8170334159
8170334161
8170334192
8170334208
817033421X
8170334239
8170334264
8170334283
817033431X
8170334323
8170334338
8170334346
8170334407
8170334414
8170334435
8170334449
8170334458
8170334502
8170334542
8170334566
8170334571
8170334589
8170334597
817033462X
8170334641
8170334673
8170334689
8170334694
8170334743
8170334757
8170334846
8170334875
8170334883
817033492X
8170334937
8170334945
8170334954
8170334968
8170334983
8170334999
817033502X
8170335049
8170335066
8170335101
8170335113
817033512X
8170335149
8170335163
8170335172
8170335206
817033522X
8170335247
8170335254
8170335269
8170335275
8170335281
8170335313
817033532X
8170335364
8170335375
8170335409
8170335416
817033542X
8170335448
8170335482
8170335495
8170335551
8170335576
8170335588
8170335619
8170335633
8170335649
8170335672
8170335695
8170335734
8170335753
8170335765
8170335799
8170392512
8170415171
817041518X
8170415228
8170415295
8170415309
8170415325
8170415368
8170415392
8170415406
8170415422
8170415449
8170415457
8170415511
8170415546
8170415554
8170415562
8170415570
8170415597
8170415619
8170415627
8170415708
8170415716
8170415783
8170415791
8170415880
8170415910
8170415929
8170415961
8170432248
8170442387
8170442395
8170443303
8170444378
8170451107
8170514964
8170520904
8170542055
8170542071
8170542098
8170542152
8170542209
8170542217
8170542322
8170542403
817054256X
8170542608
8170542659
8170542829
8170543110
8170543250
8170543365
8170741676
8170760331
8170760339
8170760353
8170760412
8170760439
8170760493
8170760505
8170760513
8170760575
8170760671
8170760713
8170760753
8170760815
8170761033
8170761176
8170815411
8170817745
8170843767
8170844270
8170871505
8170892181
817089348X
817095084X
8170951133
8170992000
8170992755
8170993400
8171003074
8171005075
8171006003
8171006011
8171006046
8171006127
8171006143
8171006240
8171006399
8171006402
8171006496
8171006577
8171006615
8171006822
8171006828
8171006887
8171006895
8171006968
8171006976
8171006984
8171006992
8171092428
8171101047
8171101115
8171101123
8171101271
8171101336
8171101441
817110145X
8171101484
8171101610
8171101653
8171101966
8171102076
8171102143
8171102210
8171110994
8171192029
8171192037
817119241X
817122800X
8171228018
8171243888
8171401321
8171412420
8171546960
8171547800
8171551065
8171612477
8171613651
8171671343
8171671588
8171673360
8171691877
8171788064
8171796047
8171857400
8171930779
8172010488
8172014621
8172015648
8172018599
8172061556
8172061725
8172111866
8172142678
8172142717
8172143035
8172231047
8172271156
8172330290
8172331065
8172380019
8172380561
8172413672
8172651504
8172930330
8172934100
817300625X
8173030411
8173032187
8173040336
8173041009
8173041479
8173042120
8173070898
8173071024
8173321551
8173322446
8173324097
817332444X
817332488X
8173420969
8173421830
8173610683
8173910320
8173915396
8173915537
8173915622
8173916536
8174342072
8174350650
8174351284
8174362730
8174532767
8174861463
817486196X
817487026X
8174951711
8175086453
8175160198
8175161371
8175161378
8175223001
8175233118
8175300483
8175341218
8175341315
8175341589
8175342125
8175342176
8175342540
817534311X
8175411998
8175860169
8175860306
817595160X
8176110114
8176211768
817626127X
8176291520
8176414556
8176580102
8176670873
8176780633
8176780641
8177030791
8177360368
817742950X
8178270356
817827199X
817837039X
8178710490
8178960678
8179260510
8179751123
8179972656
8179972687
8179972977
8179973059
8179973363
8180471011
8180640214
8180640659
8181432086
818171100X
818208039X
8182285012
8182350923
8182470876
8182741995
8183616248
8184047693
8185024813
8185047100
8185047117
8185047733
8185047807
8185058467
8185078588
818508327X
8185091800
8185094242
8185094510
8185094529
8185120410
8185120429
8185126114
8185126128
8185126384
8185151436
8185163100
8185163830
8185163849
8185163865
8185163873
8185168019
8185170183
8185170350
8185190113
8185220058
8185220141
8185220582
8185220583
8185220588
8185220589
8185220856
8185225814
8185234233
8185250002
8185259253
8185268298
8185318494
8185318504
8185319558
8185320050
818532007X
8185330036
8185335002
8185342279
818537989X
818538428X
8185384300
8185384524
8185384945
8185402513
8185408001
8185408002
8185408003
8185408004
8185408005
8185408006
8185420201
8185425309
8185425533
8185441009
8185445452
8185448005
8185471340
8185489040
8185525049
8185530158
8185536051
8185537195
8185542314
8185545554
8185549293
8185553169
8185565347
8185565433
8185565553
8185574233
8185574365
8185575047
8185579190
8185589510
8185599191
8185618817
8185669404
8185679164
8185693000
8185693910
8185699101
8185741398
8185791702
8185813407
8185817186
8185832220
8185861006
8185861049
8185867809
8185874524
8185877526
818591210X
8185923017
8185934070
8185951221
8185952690
8185952991
8185974877
8185983234
8185989312
8186028053
8186040619
8186044001
8186048069
8186048107
8186048476
8186048514
8186048689
8186063252
8186063253
818606326X
8186063270
8186073112
8186073177
8186073227
8186073257
8186073281
8186073433
8186167134
8186167135
8186177125125
8186178769
8186184990
8186199150
8186210449
8186232242
8186232865
8186293129
818630328X
8186306020
8186306065
8186326001
8186326002
8186326003
8186326026
8186339657
8186392049
8186514027
8186514030
8186536319
8186553610
818655717X
8186580029
8186626011
8186701002
8186706528
8186706628
8186724004
8186724071
8186786056
8186787162
8186791066
8186791076
8186791550
8186791556
8186818007
8186818008
8186856031
8186860108
8186863003
8186938041
8186950163
8186950179
8186950205
8187048011
8187053567
8187068258
8187068276
8187190688
8187197206
8187218469
8187359186
8187365003
8187365362
8187374040
8187374126
8187437020
8187661250
8187661757
8187757001
8187892001
8187892007
8187900001
8187900002
8187900020
8187943199
818796834X
8187977070
8188163010
818825100X
8188499292
8188590279
8188703002
8188869098
8189036223
8189040270
8189248660
818939351X
8189441119
8189537685
8189628010
8189726546
8189958077
8190007401
8190011363
8190014007
8190020996
8190032642
8190042202
8190042263
8190042609
8190042614
8190042615
8190060715
8190063314
8190073003
8190088503
8190097408
8190100506
8190115369
8190148169
8190158903
8190364881
8190366115
8190371698
8190383448
8190467780
8190886420
8197218274
8197829116
8205206113
822790098X
8251833376
8271800944
8277888077
8286562168
8287000012
8290734137
8299361598
8309015323
8323205214
8370015761
8371150160
8385166117
8385478686
8385538042
8386643577
8387921008
8391430357
8391473917
8400017948
8400072101
8400072822
8401530550
8403688283
8420627016
8420654567
8424916869
8433408120
8433909900
8433910695
8434417000
8440462958
8460417667
8471207137
8472325752
8472325999
8473051436
847392366X
8474444812
8474818749
8474821238
8474919008
8476691763
8476691771
847669178X
8476791826
8476791842
847679185X
8476844146
8476845830
8477230631
847729029X
8477380038
8477629411
8477747967
8478200720
8478390742
8478820045
847923169X
8479320819
8480485156
8480700035
8482800103
8482803880
8482805314
8482808980
8483870256
8484051362
8484051462
8484322722
8484790049
8485137063
8486506208
8486509099
8487478180
8488681050
8489542037
8489542087
8489548040
8489796390
8489881307
8489955318
8489984088
8492160633
8493063184
8494052213
8494052222
8495119220
8496813018
8503004173
8503004988
8508042174
8508042182
8508042190
8508147118
8509500387
8511012318
8511033778
8511131070
8511181875
8520000953
8520001006
8520902180
8520903970
8521306837
8524908735
8524910660
8526709714
8527101930
8527900993
8528200355
853120527X
8532501112
8538200418
8570042835
8570044051
8570181109
8570700680
8570913388
8571130583
8571131484
8574190875
8574191474
8585427230
8585575020
8585770010
8585833448
8586572070
8586714344
8686023054
8687317286
8716150547
8770093432
8771614627
8772884306
8772895588
8773075110
8774152316
8774927674
8774929406
8777041878
877715012X
8777938016
8778382929
8778760153
8778782947
8779375807
8789059078
8789550178001
8797923006
8800841528
8800841771
8811103219
882118566X
8823011847
8831726296
8831755419
8831769045
8832345925
8838991576
8842061314
8843570761
884359903X
884670382X
8849114929
8850503420
8854827035
8857591872
8870063266
8870211202
8870411536
8870993857
887213054X
8872310345
8872540392
8874241538
8874243365
8874489796
8874829616
8874829624
8875643287
8875732184
8877371611
8877603092
8877660808
8877951391
8879290216
8879373937
887999264X
8880825688
8881032205
8881188456
888121071X
8881390323
888139034X
8881581259
8882430344
8882471524
8884020502
8884341029
8885025400
8885048702
8885316151
8885637194
8885823078
8886147127
8886251400
8886291041
8886358413
8886413094
8886434000
8886483094
8886539122
8886805005
8886921051
8887160231
8887296068
8887433104
8887744361
8887796480
8888231999
8888380001
8888438021
8888717105
8888773881
889291209X
8896240014
8936024914776
894051198X
894855100X
8970592632
8970945793
8970969933
8972431299
8974401451
8975805178
8976962492
8977245693
8983702029
8986986201
8995294206
8995465185036
9004112380
9004127107
9008895003756
9008895009260
9026510219
9030325553
9041106966
9041110535
9041197155
9045004522
905063398X
9051835758
9052563407
9053491734
9056291919
9056620366
9057210971
9057821912
9058094872
905833174X
9058332851
9058333100
9058333117
9058333131
9058333148
9058333155
9058333162
9061919477
9065448566
9068061409
9069800645
9070976060
9071003800
9071334634
9073042077
9079022210
9090091266
9090721119
9097821441412
9098570004
9100477964
9100554842
9100580040
9100580490
9111954202
9112090090
9112134567
9118941927
9122018889
9138902298
9139202323
9146201670
9150616388
9152002625
9154425135
9155429525
9155436363
9155444765
9155455797
9157659100
917018127X
9170221026
9170542470
9171004792
9171006946
9171391812
917139434X
9172092155
9174487155
9177987965
9179545707
9181569541470
9185196349
9186488038
9186700536
9186716007
918909887X
9190561886
9197122520
9197886949341
919827789X
9200460775
9211009469
9211043308
9211043639
9211044088
9211125155
9211156096
9211156126
9211334488
9211422413
9211511344
9211613190
9213214538
9221157745
923102638X
9241562768
9250000000
9250052700
925103063X
9251043669
9263023851
9263107739
9264030763
9264195791
927793105X
9279709044
9280311599
928071264X
9280714748
9280714756
9280714764
9280714772
9280714780
9280715907
9280807665
9280808477
9282111956
9282111980
9282673144
9282689563
9282809551
9282873908
9282878115
9283221170
9283320739
9283321598
9284212015
9284212214
928421231X
928440065X
9287125580
9287126876
9287139933
9287141032
9287142822
9287144520
9287149076
9287149325
9287947302
928814433X
9288282007
9289012303
9289013212
9289300158
9289406331
9289415333
9289440940
928949114X
929043203X
9290552930
9290552947
9290581165
9290661991
9290671767
9290671856
9290671929
9290780216
9290780224
9290795210
9290880337
9290905160
9290980102
9290980179
929098018X
9290980203
9290980247
9290980304
9291180100
9291180119
9291180127
9291180135
9291180151
9291203685
9291271539
9291271563
929127163X
9291271854
9291300106
9291300171
9291319433
9291562285
9291620208
9291820368
9292010686
9292082010694
9292170271
9298430257
9309447072
9316756017553
9330028002
9372993400
9378570010099
9383321375
9389937903189
9415871000584
9417699421121
9440006348
9445062004
9455426018
9463060578
9463421066
9465563011
9474397149
9483229363
9483232631
9484452170
9488106752
9488158020
9488233121
9489843361158
9500032684
9500371753
9500388322
9500411530
9500426039
9500506278
9500507239
9500507247
9500507298
950070610X
9501604690
9502005552
9502005773
9502100811
9502109750
9502109947
9502109998
950230997X
950231114X
9502314894
9502513380
9502513526
9502513534
9502515600
950251574X
9502515801
950251581X
9502515836
9502522627
9502523372
9502523399
9502523596
9502524007
950252430X
9502524463
9502531605
9502902240
9504330692
9504330749
9505002374
950503242X
9505044479
9505111817
9505151216
9505151250
9505151269
9505151539
9505241484
9505482111
9505492604
950549271X
9505492728
9505493201
9505493473
9505493524
9505493532
9505493569
9505562505
950556252X
950556253X
9505562548
9505562564
9505562572
9505562602
9505562637
9505562661
950556267X
9505562688
9505562938
9505563015
9505563023
9505620323
9505816236
950582286X
9505822886
9505822894
9505822899
9505822908
9506001803
9506022609
9506480233
9506500766
9506942409
9506942603
9506942816
9506944232
9506944240
9507130238
9507140097
9507140214
9507140222
9507140257
9507140403
9507210088
950721010X
9507210150
9507310902
9507311570
9507380002
9507380029
9507380061
950738007X
9507380088
9507380096
9507380142
9507380177
950739000X
9507423949
9507440333
9507539014
9507830051
9507830353
9507860309
9507930060
9507930089
9507940097
9508020543
9508080873
9508080947
9508110013
9508120107
9508341082
9508420029
9508430111
9508440487
9508450008
9508500934
9508870012
9508961750
9509048733
9509089638
950910684X
9509231330
9509231365
9509231373
9509293367
9509293395
9509402107
9509402112
9509402113
9509402114
9509402137
9509402165
9509402166
9509402181
9509402185
9509402190
9509402191
9509402251
9509402256
9509402285
9509402300
9509402301
9509402323
9509402379
950940259X
9509402601
9509402708
9509402714
9509402722
9509402731
9509402743
9509402836
9509402946
9509591241
9509800059
950982217X
9509822188
9509822218
9509829260
9509852318
9509852326
9509874738
950987476X
9509874824
9509879121007
9509888968
9509889583
9509908510
9509917758
9509947042
9509947047
9509958830
9509959604
951444464X
9515701672
9516290872
9516936925
9517100016
9517177434
9518420900
9519525352
9519639296
9522845568
9528975027
9550556291
9551040101
9551040145
9551040153
9551040161
9551040188
9551040196
9551086081
9551274039
9551274098
9551723035
9552048872
9552071223
9552205279
9552400652
9555520066
9555690507
9555800687
9555800695
9555800926
9555801044
9555801052
9555801087
9555820944
9555820952
9555993210
9555993245
9555993288
9556100740
9556269038
9556311469
9556440808
9557093121
9557630171
9558035202
9558177531
9558177607
9558212608
9558492614
9558552000
9558708421
955870843X
9558708449
9559034470
9559069030
9559069655
9559102088
9559114200
9559114383
9559120644
9559120648
9559161006
9559236012
9559261220
9559263009
9559266003
9559335101
9559370010
9559429702
9559505922
9559520332
9559523115
9559701807
955977336X
9559822709
9559822717
9559930106
9559968201
9560601545
9561008016
9561008970
9561009055
9561009063
9561105925
9561108177
9561108258
9561112788
9562051100
956227097X
9562460745
9562470724
9562471374
9562600113
9562601422
9562620291
9562620369
9562620499
956282099X
9562823842
9562825371
9562888128
9567003075
956701206X
9567014013
9567069106
9567117371
9567159175
9567159284112
9567247113
956726207X
9567326040
9567421019
9567512025
9567639010
9567765144
9567906936
9568303532
9570072943
9570171703
9570256957
9571060444
9575961713
9577030811
9578420000
9579495251
9580610823
9580611134
9581216126
9581803286
958309152X
9584408938
958612590X
9586144575
9586163256
9586706797
958805162X
9588063553
958816718X
9589285001
9589290767
9589348006
9589563290509
9589763394
9590500573
9590612274
9594480167
9597369372
959808040X
9602603079
960460078X
9606300087
9614021251
9618199101
9622350494
9624137300
9624420516
9625310071
9627145105
962714513X
9627156121
9627255105
9627420055
9627472140
9627934257
9628502658
963007784X
9630560218
9633527169
9651304009
9652171056
9652211277
9652238416
9652260116
9652337930
9652420079
9652420089
9652652867
9652781139
9652862637
9653093203
9653950051
9653950124
9653960107
9653960126
9653960127
9653960158
9653960176
9653970051
9654070078
9654110424
9655006136
9665000732
9667421441
9667459096
9667497452
9667769826
9668225277
9668349086
9668404789
9668584963
9681654516
9682709155
968279695X
9682900658
9683623266
9683636880
9683643516
9683645030
9684763800
9685170155
9685313009
9685766020
9685793183
9686295196
9686331279
9686455104
9686722425
968676096X
9686950000
9687108243
9687379015
968739115X
9687516277
9688055901
9688104150
9688172799
9688352511
9688352699
9688424326
9688532780
9688564650
9690011270
9692801600
9693501453
969350147X
9693509378
969402263X
9694022906
9694023628
9694030511
9694040200
9694040250
9694040270
969404430X
9694050440
969407179X
9694072236
9694072329
9694072513
9694072583
9694072657
9694072773
9694072897
9694073175
9694115970
9694150681
9694441731
9694480333
9694960730
9695340966
9698100513
9698101013
9698101113
9698125065
969812700X
9698135066
9698166090
9698170104
9698199050
9698329090
969861102X
969861109X
9698636530
9698636674
9698721251
9698721268
9698721292
9698721336
9698721343
9698721367
9698791919
9698813005
9698917964705
9699041010
9699783706123
9699858029
9700609660
970100528X
9701813395
9701894829
9703100972
9706205795
9706240730
9706242267
9706548161
9706998200
9708937310728
9709051503
9715420716
9722195257
9722709431
9725693207
9726993014
9727180805
9727391339
9727850230
9728195130
9728846004
9733422066571
9739114819
9742160005
9745256933
9746209105
9747551389
9748495104
9748495761
9748900313
9749945163957
9752960144
9754282866
9756559177
9757143016
9759419000
9759740513
9765933323907
9768003268
9768143227
9769601245025
9769698344191
9770002063
9770009721
9770011070
9770012263
9770012526
9770015689
9770015933
9770018353
9770018770
9770019362
9770027865
9770028136
9770036477
9770039464
9770051485
9770053455
9770054339
9770055779
9770075413
9770094697
9770095571006
9770105871
9770110644
9770123377
9770123632
9770124316
9770125697
9770127146
9770127560
9770129796
9770136200
9770136307
9770136554
9770143067
9770163715
9770207812
9770211934005
9770231643
9770233492
977024809X
9770254761
9770255547607
9770397312
9770496325
9770509002
9770510082
9770510208
9770510778
9770666980
9770700307
9770700468
9770701392
9770702727
977070277X
9770707521
9770707696
9770707778
977070798X
9770726462
977077513X
9770775148
9770801996
9770804986
9770810206
9770900252
9770900773
9770901330
9770901524
9770903145
9770903923
9771001352
9771006158
9771027280
9771105758
9771134178002
9771135416004
9771135417001
9771231153
9771253504164
9771331412
9771405456
9771424234
9771428138071
977143698X
9771501829
9771510658609
9771601050
9771700796
9771713790
9771800310002
9771830010
9771830036
9771937999
9771944054
9772012892003
9772063517
9772080177
9772080306
9772080633
9772080667
9772080698
9772081973
9772082091
977209037X
9772125321
9772151560
9772210200
9772230057
977223165X
9772232401
9772232643
9772250569
977225909X
9772260295
9772290000
9772290257
9772301007
9772320777
9772326398
9772370260
9772382368
9772390011
9772390076
9772390105
9772390133
9772410123
9772412251
9772550217
9772550777
9772570217
9772570476
9772570772
9772571217
9772578004
9772590201
9772640508
9772710964
9772711928
9772720046
9772770803
9772791057
9772791691
9772850031
9772960171
9773430060
9773570092
9773841089
9774011493
9774242619
9774431345
9775037078
9775040061
9775040429
9775040504012
9775050951
9775050954
9775050958
9775050998
9775077008
9775087292
9775090001
9775101576
9775103143
9775115130
9775116006
9775121093
9775121377
9775122327
977513927X
9775139704
9775140031
9775140664
9775152025
977516901X
9775169504
9775185047
9775193698
9775200625
9775210113
9775210555
977522605X
9775241038
9775250521
9775254651
9775270432
9775274603
9775340043
9775340231
977538705X
977539501X
9775400508
9775406208
9775406348
9775424705
9775442061
9775471065
9775568081
9775571897
9775576068
9775602105
9775644138
9775659977
9775721094
9775775207
9775789153
9775789860
9775876025
9775900176
977604895X
9777091121
9777500090
9777575039106
977791555X
9777953562
9779001024
9780043097728
9780061129235
9780080507314
9780092383919
9780108852
9780117037722
9780120749033
9780143100440
9780143100533
9780143204179
9780143306182
9780155476224
9780160779499
9780195219235
9780195672372
9780195690492
9780224077802
9780239554382
9780261602
9780271029632
9780271029717
9780271029823
9780271029830
9780300120907
9780309098011
9780319318818
9780319428708
9780321393996
9780335219284
9780387258000
9780387327746
9780387393870
9780415361230
9780415779211
9780429795685
978047146609X
9780521615348
9780521696969
9780521814510
9780521816017
9780521821126
9780521825024
9780521825059
9780521826349
9780521830052
9780521850444
9780611480160
9780618396012
9780660636978
9780670085233
9780691125007
978069112566X
9780699646
9780719078633
9780724277536
9780724277552
9780724277560
9780724277579
9780724277587
9780724277595
9780724277609
978073870864X
9780745635180
9780745635997
9780745638716
9780748621113
9780754035
9780773532034
9780781765390
9780781771439
9780781773636
9780788440683
9780791856955
9780802155555
9780812236999
9780813819466
9780831808748
9780844407909
9780844412260
9780849391616
9780854300759
9780854900284
9780855387330
9780873338977
9780873515706
9780880335939
9780881040916
9780882599
9780896895790
9780900048766
9780900197689
9780906290945
9780912764309
9780916308057
9780922688281
9780937040783
9780942324927
9780943197309
9780948170166
9780948170174
9780948170239
9780948375930
9780948375966
9780953992397
9780960738742
9780964418683
9780972015434
9780973759623
9780975746928
9780975746944
9780979848627
9780981935400
9780984973
9780989719413
9780991223104
9780992741053
9780993708406
9781043100362
9781043904041
9781135417001
9781140943650
9781293682
9781349846373
978140203461X
9781402034691
9781402048025
9781402050224
9781402050720
9781402429855
9781403946299
9781405106621
9781414028456
9781420408991
9781422417395
9781426290
9781426293161
9781447125493
9781466506010
9781498564976
9781550583391
9781556955188
9781561355
9781563088
978156793255X
9781569541515
9781570184879
9781574484973
9781575055880
9781578085055
9781581355
9781593124
9781601241331
9781604650168
9781606921338
9781608832246
9781616143811
9781686925000
9781742740005
9781761942351
9781800310002
9781841136166
9781842460897
9781846381495
9781852238923
9781858004381
9781858645794
9781858646332
9781858647010
9781858647789
978185864917X
9781858649625
9781859417426
9781860940358
9781861892378
9781873771398
9781876503300
9781877989436
9781879147191
9781881208141
9781883124344
9781884242022
9781892456443
9781892456494
978189312729X
9781897215466
9781897830969
9781898029970
9781921615456
9781928570119
9781929763328
9781930743998
9781933950
9782073427
9782126809
9782256904849
9782262022533
9782275044443
9782355486
9782357440836
9782439001079
9782439131
9782458006
9782629961
9782701015226
9782842744101
9782859010424
9782859104038
9782866008820
9782869582455
9782870312873
9782870312875
9782870312881
978287031289X
9782870312903
9782880531179
9782904906444
9782919893920
9783000000233
9783000000516
9783000000721
9783000000899
9783000001001
9783000001063
9783000003258
9783000003470
9783000003654
9783000004613
9783000004828
9783000006570
9783000008178
9783000008949
9783000012793
9783000013677
9783000013684
9783000013820
9783000014544
9783000014759
9783000015596
9783000019938
9783000019945
9783000021580
9783000022761
9783000025274
9783000025625
9783000025885
9783000025908
9783000025915
9783000028237
9783000033798
9783027533462
9783038237795
9783042754800
9783250105279
9783406675848
9783406863310
9783447068183
9783462041879
9783465035808
9783487148055
9783515108847
9783518419511
978352553017X
9783531136526
9783570058003
9783593382303
9783630872638
9783681061106
9783686284577
9783703804329
9783716514691
9783727817566
9783764372081
9783764372141
9783777442515
9783777446468
9783786815071
9783812847566
9783825232560
9783825886514
9783829603219
9783854094929
9783854764515
9783861050595
9783865606553
9783865607498
9783866421594
9783866490453
9783880531790
9783881881182
9783882211647
9783895286640
9783898759873
9783902497688
9783902497831
9783905425165
9783932306021
9783932406338
9783935414420
9783935656548
9783936359799
9783936996237
9783936996369
9783936996539
9783936996571
9783936996709
9783936996792
9783938031581
9783938776630
9783939115029
9783942163253
9783943972503
9783944566422
9783953241
9783980985148
9783990291211
9784219142
9784358008
9784900375911
9784900375912
9784900375913
9784900375914
9785227019630
9785288042704
9785288053
9785422500518
9785501473399
9785526124
9785566334
9785742902785
978577790999X
9785778902441
9785824316288
978585759460X
9785864560336
9785871000218
9785871000409
9785871000416
9785871001116
9785873175822
9785873990247
9785880102483
9785883731724
9785883731783
9785883731910
9785885700354
9785885700478
9785886486771
9785895543391
9785898263160
9785902821
9785911720116
9785920802955
9785926538398
9785932732555
9785932732865
9785932733012
9785941012144
9785942933
9785943570411
9785943570454
9785943800
9785946070789
978594607083X
9785946070848
9785946070958
9785946070990
9785946071009
9785946071092
9785946071127
9785946071143
9785946071572
9785956002962
9785973901440
9785973917
9785975608
9785979302105
9785985465929
9785986440291
9785987042240
9785990499405
9785990675400
9786079058911
9786091713
9786179663175
9786191900650
9786214178
9786278995
9786630671109
9786806202995
9786856763626
9786964500607
9786969411007
9787000200167
9787000300027
9787000300089
9787001900040
9787001900097
9787001900158
9787001900257
9787001900387
9787004300016
9787004400013
9787004600123
9787005900017
9787006800019
9787006800033
9787007300037
9787008503062
9787008800031
9787008800062
9787008800079
9787008800826
9787009000218
9787011400297
9787011500003
9787011500010
9787011500034
9787012003794
9787012400968
9787012401569
9787012401668
9787012401675
9787012401804
9787015300029
9787015300036
9787015602420
9787016900013
9787016900334
9787020500346
9787021200054
9787021200214
9787021400669
9787021400942
9787022000073
9787022000080
9787022000103
9787022000110
9787022000127
9787022000141
9787022000158
9787022000189
9787022000202
9787022000226
9787022000233
9787022000257
9787022000264
9787022000295
9787022000301
9787022000394
9787022000400
9787022000462
9787023900006
9787033600491
9787034301687
9787208076893
9787227050352
9787236055
9787408100614
9787560955999
9787780754773
9787803298640
9787811113670
9787883724260
9787883777507
9787884964929
9787884964953
978788496497X
9787884964996
9787884966886
9787884966894
9787884966908
9787884966975
9787884966983
9787884967009
9787902106
9787973778091
9788073605775
9788112018751
9788123414943
9788123748147
9788126024348
9788126028744
9788126320217
9788129113173
9788130201
9788130912686
9788150000250
9788170771132
9788170951178
9788170951208
9788170951275
9788170951305
9788171166419
9788171885519
9788171885586
9788171885837
9788171885896
9788171885934
9788172054122
9788172054610
9788172112255
9788172149603
9788172362439
9788172363281
9788172733828
9788172733836
9788173200487
9788173320000
9788173731067
9788173731081
9788173731098
9788173731104
9788173911615
9788175102225
9788175414030
9788177021605
9788177021737
9788177021761
9788177021877
9788177022401
9788178201992
9788178313936
9788179061255
9788179081220
9788179254406
9788179751996
9788179860736
978817986085X
9788180900967
9788180930411
9788182060370
9788182202965
9788182641487
9788182901936
9788184201315
9788184571087
9788184650526
9788184806722
9788184866644
9788185384975
9788185604959
9788185812
9788185835299
9788185835683
9788185835691
9788185835705
9788185835721
9788186001
9788186019812
9788186211276
9788186400226
978818643898X
978818651418X
978818670079X
9788186867481
9788186867619
9788187330333
9788187492392
9788187661763
9788187733337
9788187789779
9788187892234
9788187892307
9788188204714
9788188305944
9788188701033
9788188808989
9788188995800
9788189012576
9788189013777
9788189036233
9788189432395
9788189478133
9788189490134
9788189574191
9788189598817
9788189855131
978819002891X
9788190042
9788190282808
9788190441175
9788190695900
9788190750302
9788190826
9788191507488
9788192727
9788192801307
9788192975510
9788193500210
9788198018775
9788198018799
9788202331308
9788274120795
9788274240060
9788287165367
9788291151790
9788300118926
9788350980620
9788380617862
9788386766344
978838676693X
9788387647586
9788415391006
9788416543474
9788433015
9788444895558
9788460917714
9788460918056
9788462091948
9788462093386
9788467637252
978847120410X
9788475228283
9788478209190
978847960400X
9788480203221
9788484327513
9788486408524
9788488324308
9788490852623
9788492861540
9788522505088
9788523213834
9788562450090
9788572696
9788578120
9788584733869
9788756722214
9788757428899
9788772575
9788776678165
9788778750733
9788778750873
9788779344267
9788779344275
9788779752487
9788787483866
9788788841576
9788789022726
9788790341
9788791567211
9788792307175
9788804571632
9788805569534
9788807171590
9788815124427
9788815492
9788831494749
9788831706
9788831713
9788833017375
9788836608876
9788837079647
9788838759170
9788838761507
9788838934177
9788842051484
9788842498475
978884520111X
978884526544X
9788860040620
9788860322582
9788861451151
9788865660015
9788871252802
9788871403355
9788871403371
9788871403576
978887358883X
9788874394187
9788875380443
9788875380546
9788875412813
9788875413410
9788876220445
9788876249746
9788882680215
978888374036X
9788884833191
9788885323596
9788886192623
9788886854137
9788887288879
9788887530713
978888754140X
9788887621675
978888781449X
9788888071679
9788888302298
9788888998021
9788889001485
9788889019037
9788889506466
9788889716136
9788889969017
9788890144
9788892192105
9788896554303
9788897015274
9788897417229
9788898781
9788942310990
9788974823721
9789000037
9789042022191
9789055871688
9789078067572
9789098467
9789116114
9789144007213
978914708670X
9789165373
9789173894198
9789185391836
9789186261171
9789186624962
9789188396274
9789189722012
9789211250
9789221297001
9789241580750
9789274029
9789279048
9789280115721
9789280313029
9789291890792
9789337868310
9789351044984
9789380379006
9789380379008
9789380430952
9789380592833
9789380830040
9789380935020
9789381071
9789381209184
9789382623313
9789383363090
9789388512042
9789407614
9789423473886
9789433039
9789518977380
9789525371263
9789550304019
9789551076109
9789551281123
9789551485097
9789553001645
9789555012
9789555672235
9789556333481
9789556590870
9789558708574
9789558708857
9789559073050
9789559567772
9789559884312
9789560100011
9789562442168
9789568639283
9789568641
9789578933005
9789580611122
9789584424816
9789587102169
9789587341055
9789588303214
9789643423633
9789655390
9789660244428
9789662031077
9789662031134
9789662031137
9789662152070
9789663061629
9789663612488
9789663613669
9789663970923
9789663980109
9789663980206
9789664411822
9789664894144
978966511297X
9789666072586
9789666073486
9789666681511
9789667601579
9789668098524
9789668201481
9789668246924
9789668529710
9789668837177
9789668917100
9789683252602
9789684964056
9789689322413
9789689345209
9789690000000
9789690155
9789693700570
9789694190630
9789694964159
9789695581731
9789695581861
9789695582399
9789695583295
9789695583429
9789696558232
9789698011095
9789698263570
9789698329
9789698408487
9789698460350
9789698701020
9789698799095
9789698980244
9789699188020
9789699221001
9789699278
9789699368091
9789699465525
9789699515
9789699551
9789699557081
9789699557098
9789699566234
9789699776020
9789702711614
9789703230687
9789703233880
9789719313539
9789723721940
9789738333546
9789757622532
9789769859057
9789774497504
9789774797935
9789779489013
9789800024302
9789806490
9789806527090
9789807140646
9789809244735
9789843301521
9789843308390
9789843319057
9789843324334
9789843330655
9789843330891
9789843330904
9789843341595
9789843360000
9789843365638
9789843380695
9789844450124
9789844450131
9789845234392
9789848769
9789848827569
9789848840125
9789848901567
9789848910138
9789849048601
9789849989282
9789851081531
9789854126
9789854394360
9789855151455
9789856783386
9789856991063
9789868335056
9789868663101
978987574168X
9789875742074
9789876460250
9789893345622
9789893375940
9789893378385
9789896533
9789899631
9789906045207
9789934294
9789936200078
9789936918
9789937812564
9789937824
9789937854303
9789937876312
9789939469159
9789945020017
9789945424323
9789945431
9789945473030
9789948046935
9789951081346
9789966547137
9789967112916
9789968230089
9789968314587
9789968681146
9789968951
9789970574132
9789973572019
9789974003
9789974104459
978997448135X
9789974481546
9789974481651
9789974713160
9789974805612
9789974962067
9789976604793
9789976604947
9789977682842
9789978672919
9789984228943
9789988589409
9789992222565
9789992382112
9789992408524
9789992477116
9789992543039
9789992575385
9789992647201
9789992915439
9789993379605
9789993678701
9789993689909
9789993693
9789993752291
9789993972
9789994545215
9789994650605
9789995301320
9789995340090
9789995350102
9789995376060
9789995381109
9789995388
9789995410660
9789995445471
9789995495234
9789995497602
9789996032
9789996201800
9789996201801
9789996201802
9789996201803
9789996201804
9789996201805
9789996201807
9789996201808
9789996725453
9789997308
9789997453060
9789997456
9789999248173
9790041123049
9790041123248
9791908218407
9792311632
9793198484
9793893814213
9799381258255
9799655390957
9799695582251
9799699042089
9799814311168
9800017702
9800724550
9800784429
9801200032
9802362341
9802400981
980244356X
9803250577
9803963902005
9806018342
9806382648018
9806669041
9806992250
9807140133
9807140171
9811044820
9811892337344
9812100252
9813101716
9828080756
9835002088228
9840000091
9840513010
9840513290
9840513312
984051337X
9840513460
9840513630
984051371X
984051385X
9840514130
9840514440
984051452X
984051466X
984051480X
9840739015
9840741072
9840741747
9840743375
9840750795
9840801934
9840802126
9840802424
9840802768
9843000000455
9843000000616
9843000000880
9843000001726
9843000006846
9843000007683
9843000007799
9843000009
9843000009175
9843000009180
9843000009670
9843000010348
9843000012779
9843000014360
9843000015015
9843000015954
9843000016311
9843000016430
9843000017439
9843000017950
9843000018658
9843000019334
9843000019950
9843000020840
9843000021450
9843000021757
9843000021863
9843000023204
9843000023211
9843000024215
9843000024710
9843000025630
9843000025984
9843000026691
9843000026936
9843000026998
9843000027421
9843000028244
9843000029265
9843000029388
9843000029739
9843000032968
9843000033163
9843000033224
9843000033545
9843000034108
9843002514
9843101263
9843106983
9843108814
9843108966
9843109206
984310961X
9843111304
9843111413
9843111502
9843111822
9843112932
9843113056
9843114931
9843115563
9843115571
9843200305
9843200459
9843201014
9843202206
9843202222
9843202613
9843202931
9843205132
9843205516
9843205524
9843205649
9843205873
9843207830
9843208022
9843209936
9843210211
9843211765
9843213512
9843214627
9843214778
9843218404
9843218879
9843220009
9843224360
9843228187
9843229161
9843234302
9844017245
9844017683
9844101901
9844121355
9844330446
9844330454
9844330462
9844330493
9844330805
9844451120
9844451270
9844451290
9844451510
9844451610
9844451960
9844451970
9844452240
9844452400
9844452661
9844600062
9844611332
9844611373
9844611492
9844612818
9844612821
9844653868
9844821044
984483006X
9844940237
9844940299
9844970107
984504057X
9845083448
984508428X
9845084398
984508882X
9845089893
9845089919
9845100059
9845102411
9845123350
9845123407
9845130098
9845551683
9845590832
9845590904
9845590978
9845590986
9845590991
9845591010
9845591033
984559129X
9845591331
9845591402
9845591420
9845591501
9845591609
9845591617
9845591625
9845591633
984559165X
9845591700
9845591719
9845591735
9845771001
9846712113
9847001900011
9847001900110
9847001900165
9847001900170
9847001900189
9847001900196
9847001900264
9847001900271
9847001900309
9847001900370
9847001900390
9847001900394
9847001900400
9847001900426
9847004300009
9847004600130
9847006000013
9847006000044
9847006800064
9847007300068
9847009000294
9847009000324
9847009100000
9847009500046
9847010300
9847011000084
9847011000091
9847011000107
9847011400433
9847011500027
9847011601120
9847011700991
9847012400173
9847012400739
9847012400821
9847012400944
9847012400975
9847012401187
9847012401255
9847012401507
9847013304067
9847013800916
9847014800636
9847015300005
9847015300010
9847015300050
9847015300067
9847015300111
9847015300128
9847015300140
9847015601393
9847016200205
9847016900549
9847016901041
9847021200245
9847021400553
9847021400676
9847021400836
9847022000011
9847022000028
9847022000042
9847022000059
9847022000066
9847022000103
9847022000196
9847022000271
9847022000325
9847022000332
9847022000356
9847022000479
9847023400025
9847023900006
9847027000030
9847028300047
9847028800257
9847028901589
9847029000120
9847029200001
9847029200056
9847029200094
9847029200100
9847029500
9847029500026
9847029500037
9847029500057
9847029600054
9847029700860
9847032000049
9847032700017
9847035000800
9847130366
9847130382
9847250032
9847650137
9847730006
984800301X
9848104021
9848104051
9848104071
9848104081
9848104091
9848104101
9848104111
9848104121
9848104131
9848104141
9848104161
9848104171
9848104211
9848104221
9848104241
9848104251
9848104261
9848104271
9848104301
9848104344
9848104355
9848104360
9848104365
9848104375
9848104385
9848104395
9848104405
9848104415
9848104435
9848104455
9848104465
9848104475
9848104485
9848104495
9848104525
9848104535
9848104675
9848104685
9848104695
9848104705
9848104715
9848104725
9848116103
9848120190
9848126150
9848126160
9848126170
984812715X
9848154030
9848171013
9848171015
9848171052
9848193930
9848203243
9848203350
9848203369
9848233231
9848245226
9848356104
9848360016
9848360019
9848360020
9848360022
9848363208
9848363216
9848363224
9848363240
9848363368
9848363376
9848363392
9848363401
9848363428
9848574108
9848574124
9848574159
9848574175
9848630334
984865004X
9849104181
9850726099
9851250075
9853110870
9856119040
9856625090
9862943582
9866341463
9868632775
9870028244
9870203160
9870271029313
9870271029519
9870271029540
9870824757540
9871075047
9871075067
9871125165
9871125556
9871539233
9871578864607
9872011341
9872494755
9873211310281
9873775222013
9873877763520
9873877769403
9873888645006
9875430112
9875600000186
9875600831
9875600836
9875763811811
9875771673
9875824311068
9875945121027
987605066X
9878123753607
9878188833344
9878190367153
9878192018768
9878776746193
9878778656582
9878788415858
9879028030
9879030178
9879030219
9879030283
9879030316
9879030479
9879030555
9879030794
9879030905
9879030968
9879047526
9879047757
9879047797
9879048497
9879089753
9879089761
987910811X
987917353X
9879234020
9879255507
9879330601
9879355044
9879357184
9879380294629
9879500263
9879502756
9879519546193
987955271X
9879555516
987957840X
9879661703
9879664890387
9879709906200
9879725646939
9879735340
987975930X
9879843340911
9879849048534
9879853364
9879911739
9879930221
9879933734
9879937808
9879948007
9879951447
9879955001
9879962707
9879966558
9879972699528
9879993664635
9879995334956
9884212391
9895591175
9896035794
9912790002
9937213011
9937256575
9937287838
9949158867
9958003018
9959079131
9959193031
9960272261
9960740320
9962603136
9962880666
9964402052
9965602252
9966464370
9966465514
996680306X
9966846048
9966846552
9966863233
9966900765
9967210751
9967219608
9967391140
9968834308
9968834456
9968834678
9968834796
9968834838
9968834956
9968834967
9968834980
9968863098
997002039X
9970123870
997051003X
9970510049
9970901072
9971401049
9971905723
9972400052
9972400257
9972420540
9972420719
997242074X
9972421532
9972421540
9972421623
9972421669
9972425684
9972430021
9972450971
9972460624
9972461236
9972463365
9972463860
997246705X
9972471074
9972480008
9972520205
9972570092
9972570106
997260112X
9972603013
997260303X
9972603499
9972608045
9972615028
9972623039
9972661021
9972663002
9972668090
9972699063
997275525X
9972862120
9972900648
9972901400
9972904902
9972907700
9972929609
9973612259
9973707322
9974420525
9974559682
9974670464
9974758367
9974805613
9975115922
9975559162
9977170927
9977570498
9977972020
9978420957
9978826683
9978827183
9978828169
9978920499
9978994500181
9979541974
9979937824477
9981256006
9981836055
9983300318
9983990225
9984070000
999081612X
9990816217
9991830188
9992200299
9992202098
9992242250
9992271021
9992272419
9992290949
9992296400
9992296431
9992296462
9992335020
9992480712
9992533652
9992545651
9992589223
9992619297
9993310037
9993310049
9993310105
9993333003
9993342401
9993347323
999335310X
9993354541
9993356513
999337100X
9993432056
9993432173
9993483285
9993610377
9993614402
9993670512
9993670582
9993786498
9993972785
9994542703
9994646289
9994680047
9994682232
9994935948
9995410544
9995410582
9999056455
9999333280
9999361427
9999397240
x978905833327
3592
7201021409
7205035374
7537817196
9780387262334
9781430246264
9789460919262
9781610911826
9783642367487
9783642458212
791341475
791300454
1576706328
9783149062522
9781579113403
9780327180844
9623574732
75600737
9783452268157
9785946680439
9781359451500
1112222234445
2013215560
4260234831207
6789972453458
8175161343
8789592712218
8903640000039
9695192252
9729287181015
978099155202X
9782067213259
9782067213393
9782237209034
978290418743X
9783869323665
9787516135
9787549597
9788185835756
9788836634535
9789382433654
9789382762872
9789590517928
9789699368147
9789699907
9847012402429
9781846287390
9873764321838
9783540332669
3642012752090
769797362
9781402051522
9781430235673
9788460918056
9781430273051
9781430247749
9783642253601
9781461412523
9781430226692
9781461447599
9783642333737
9781461448597
9788462091948
9788462093386
9780748603467
9788861451151
791341475
876325363
791300454
791318796
791338266
80807548
910251046
3298490048535
999902206
7596060530
978155277421X
4600317120956
9787012401675
9789843360000
9789937876312
9787012401668
9781897215466
9780108852
9787012401569
9788130201
9787021400942
9783990291211
8187661757
9878192018768
9789936918
5800059789186
9788172054610
1818172064
8190371698
7983037643655
9789993752291
9783515108847
9789993689909
9788112018751
978818733056
929924093
9788198018799
9788188808989
9787033600491
9878188833344
9787012401804
9848104725
9840750795
9937256575
9788173731081
9780319428708
9879849048534
9789550304019
9785873990247
9789280115721
9788198018775
9789774497504
9788886854137
9780900048766
9780992741053
9781556955188
9788860322582
9780844407909
9771800310002
9781800310002
9783786815071
781514805
9788187661763
9788192801307
9783935414420
9788182060370
9789351044984
9770211934005
9783406675848
9783938776630
9789893378385
9799655390957
9787021400669
9847021400676
1758498141
9873877769403
9785986440291
9788171166419
9789381209184
9789698701020
9789690155
9787012003794
9783938031581
9789699368091
9783686284577
9789769859057
9783943972503
9783727817566
9789843324334
1810926305
9789848910138
9789587341055
9789974713160
9788185835683
9789779489013
9788875380443
9789664894144
9875945121027
9784358008
9787780754773
9787020500346
9788185835705
9787034301687
9785873175822
9789558708857
9879519546193
43519553
8287666019
9789848901567
9789851081531
7115747893
9789977682842
9789968681146
9781846381495
9788190826
9783865607498
9789699465525
9788838934177
9789843380695
9783944566422
9789993678701
9789383363090
9788178313936
978161790056
9780261602
8185408005
9789683252602
9708937310728
9785422500518
9786079058911
9789997453060
9783854764515
1803101035150
9789984228943
9789662031077
9789666072586
9785871001116
9785871000409
9785871000416
9785871000218
9788523213834
9789996201808
9789996201805
9789996201801
9789996201804
9788886192623
9789996201803
9789996201800
9789996201807
9789996201802
9789666073486
781515236
9783936996792
9783936996709
9783936996571
9783880531790
9788185835691
9589563290509
9843000016430
9783866421594
9937287838
5425004150172
9489843361158
9772012892003
9789116114
7033662072835
8175161371
9793893814213
9789221297001
8175161378
9789906045207
9788416543474
9789899631
9789568639283
9788350980620
9788175102225
9843000007799
9843000007683
9789382623313
9789893375940
8185408006
7509668103014
7509668101669
9789993693
9789843365638
9789849048601
9698917964705
9788584733869
8936024914776
9780991223104
3687200074
9811892337344
9789849989282
9789698980244
9785990675400
9782880531179
1112222234445
9780942324927
9785990499405
9786856763626
9781402429855
9789995495234
9789997456
9789699776020
9788192975510
9781349846373
9789992575385
9789699566234
9786278995
9788892192105
8898539497
5028421952819
5028421954264
5028421953915
340611667
4260052382264
7473133765
7267086970
3760014192715
710357596629
4009350834705
9789197436674
9789843398
4260036254440
9956429000323
9956473001048
9956473001253
9956429000279
9956429000361
9956429000316
9956473000162
9956429000385
9956429000354
9956429000415
9956429000439
9789974665
9789978162473
9786154159480
9181909382268
9781849764968
9780980966120
9847000001627
9789078677026
9787040316910
9799460914164
9783612175923
9781067615682
9781578508
1580176304
709890687
5028421953847
4719025006916
9847000002853
