ISBN
9781847319319
9781782251125
9780199996827
9781139528306
9780226028354
9780199858231
9781782251583
9781139554305
9781782250326
9780199939602
9780674728134
9781782250869
9781139019446
9781442666801
9780774821902
9781439910627
9781139207843
9780199723140
9781782250586
9781139028424
9781139570954
9781139551939
9781139030939
9780870032660
9780472028214
9781442661523
9780226494050
9781442694439
9781139572774
9780199996841
9781139138086
9781782251699
9781139839105
9781555538002
9780804788427
9781847319777
9780199990818
9781107335127
9781782250258
9781139616317
9780773589797
9781139565479
9781139507561
9781139050173
9781139084222
9781280678011
9781139626019
9780199910151
9780774824590
9781139376044
9780674075764
9780511842511
9781782253419
9780826518798
9781139424714
9781782250197
9780773588110
9780817386269
9781139338219
9781139421898
9781139419628
9781107417526
9780809390014
9781139236904
9781139175937
9780813219479
9781782252214
9781139128971
9781139061070
9781847319531
9780814764350
9780814725276
9780300195309
9781139629140
9781847319180
9781139612470
9780300195033
9781107291102
9780826519122
9781139020503
9781107334885
9781782253396
9781139218047
9780814708286
9782760320710
9780814758632
9781782250883
9781782251088
9781782250111
9780191645068
9781139208734
9780814790328
9781139083614
9781139235662
9781139217705
9780226291109
9782763797502
9780292748699
9780814760048
9780674369931
9781139842402
9781139022729
9780262305334
9781107345645
9781139035293
9782763796543
9781139528665
9781107341746
9781782250982
9781107306981
9780226019086
9780511920806
9781782250272
9780472029624
9780813225821
9780674067646
9781139613156
9780816686469
9781139845175
9781782251514
9780748645114
9780804787925
9781139230629
9780817916060
9780748631131
9780813561608
9781139570909
9780300148640
9780674184640
9781107248472
9780889772991
9780774822541
9781139615600
9781107014497
9781847319227
9780300166880
9781847319371
9781847319333
9780674369870
9781782250074
9780511862403
9780814708002
9781847319104
9781782251637
9780300182538
9781139420082
9780814725214
9781280683145
9781107059238
9780199355044
9780511988554
9781555538064
9781139175821
9780774823081
9780748645596
9781139044165
9780199838318
9780262301565
9780226068794
9781139845090
9781139087643
9780814762455
9782763792972
9781139340076
9781107506398
9781139218429
9781139338578
9781107335189
9781782251910
9781139045551
9780199753222
9780295804644
9781139340045
9781306528740
9781782250692
9781782251750
9781139236829
9781442660601
9781139567114
9780226041452
9781107306523
9781555538040
9780814738931
9781139572743
9780814745250
9781782251156
9781139150835
9781847319067
9782763715254
9781589019331
9781782252467
9780774821827
9781107274099
9781139230780
9781139128834
9780199753307
9781139094597
9781139870795
9780817385934
9780199993451
9780511894589
9781139169295
9781847319265
9780472028658
9781469608099
9780199702954
9781139525275
9780814744642
9781439910481
9780824865740
9781139781886
9781139169318
9781107059283
9781782250951
9781782251651
9780199979127
9781107421530
9781847319142
9780804783149
9781139530477
9780511902550
9781139375627
9781847319395
9781847319517
9781555537173
9780814761465
9780820345826
9780253007100
9780674062825
9781139087452
9780774825696
9780814785294
9780472028573
9780252094125
9781299009158
9780300178012
9781782250425
9781139613057
9782763794297
9781107333178
9780708325636
9781847319623
9781139093576
9781139959773
9780804791687
9780191632662
9780814738610
9780520954588
9780199967827
9781139061797
9781782252740
9780252094224
9780674067639
9781603447973
9781280571275
9780472029266
9781139615877
9781283735230
9780199930302
9780708325452
9781107274150
9780674067455
9781107308992
9781139374835
9781139336987
9781611682816
9781438444499
9780674067325
9780826272720
9781782250630
9781139084383
9780804783484
9780814738627
9781611171716
9781107059184
9780801463990
9780300148664
9780199896233
9780300149906
9781139157605
9780803244573
9781139096614
9789048515042
9781442660526
9780748670581
9780511843884
9780815722915
9780199913442
9781847319418
9781139526005
9781139343398
9780674063129
9781611461039
9780674063228
9780804786324
9780472028184
9780226010700
9781139910729
9780801470301
9781623491444
9781782253129
9781623560553
9781139906272
9780520957596
9781139959254
9780472120208
9781608464289
9781623965464
9780814724743
9780801470431
9781139910842
9780803255050
9781306818735
9780231536356
9781139959056
9781781953938
9780226922089
9781139958646
9781139921930
9781783091812
9781139024013
9781107337428
9781475542165
9789027270573
9780806145808
9780199812158
9781317907671
9781441167163
9781782253082
9781554588701
9780749472238
9781484351277
9780773590724
9780774826938
9780674369603
9781118526064
9781781001004
9780465080731
9781139911047
9781472427489
9781623966515
9780814764862
9780813048796
9781472430830
9781136237737
9789221274926
9781781003893
9781782253570
9781438451879
9781627053761
9781118827000
9780745682396
9781315770390
9781139910651
9781782412847
9781400851270
9781623491703
9780803273818
9781464801617
9780226116457
9781118274989
9780804791625
9781139911009
9781771640145
9781139227148
9781442228320
9780803254152
9781409467946
9781623564957
9780191505393
9781472432261
9781409453048
9781472904317
9783433604311
9781316005835
9780801470554
9780824840211
9781623965945
9781317682523
9781118875346
9783527671045
9780803254114
9780299298739
9781118611333
9781782042662
9781623966607
9781306706100
9781139959049
9781782253648
9780774827638
9780199360857
9781139960151
9781306563277
9789027270375
9789956791477
9783527665051
9781781951934
9781780633978
9780857723079
9789004262119
9780857722959
9781107693159
9783527656226
9781118617908
9780295804941
9781608452422
9780807151853
9781315880518
9780739175576
9780203746752
9781431405879
9781780320984
9781409463832
9781627052528
9781118378762
9789990800357
9781107419766
9781466556454
9781118698969
9781742198545
9780203127698
9780203081471
9781782380016
9780821398739
9783527675227
9780827205369
9781442222960
9781118577646
9781472412959
9781609949907
9781627051569
9781593327378
9781118652497
9781299829015
9780813048598
9781780232195
9781118470473
9781466645356
9780804788946
9781439871560
9780801469008
9780203801253
9789814571555
9780814707968
9781118760727
9781922059277
9781118720233
9780774822114
9781118706633
9781442223622
9781118323281
9780857723031
9781137326287
9781306156721
9781627050401
9789401209618
9780857723093
9781907396939
9781466508804
9781627051163
9780295804927
9781466584976
9789251077436
9781137317131
9780191626807
9780814744130
9781439888544
9781466648975
9781461952589
9781466501690
9780988655652
9789004261464
9781137347404
9780857939647
9781464800801
9781464800849
9781439910955
9780749468965
9781107290075
9781299966758
9781623960902
9780739183540
9780335246991
9783110303070
9781782380269
9781315857657
9780857723116
9780191507687
9780857723024
9781612054322
9781775580768
9781421411286
9781118747575
9781627050869
9781118697979
9781118749463
9781412852050
9780226134307
9789382076063
9780199344017
9781609403447
9781482239126
9781464801136
9780826105479
9781409420064
9780299297831
9783110254075
9781627050982
9780299299637
9780804791021
9780191646034
9781118801338
9780881326796
9781135035976
9781782841265
9780674419919
9781466515802
9780718841591
9781118749890
9781317812890
9781135143190
9781482205916
9781608456413
9781783473069
9781317909118
9780520958166
9780806146119
9781783710225
9780203870785
9780745681726
9780226135083
9781118351321
9781135911522
9781118523704
9781627050296
9789814415897
9781627053266
9781782042051
9781626740082
9781409463399
9781466564282
9781627052443
9781627051903
9781782382515
9781306412247
9781464801082
9781118351444
9781317814252
9780313385124
9780814764367
9781627053327
9781608450510
9781623565619
9781400850143
9781306190985
9781135105143
9780203728246
9781472405715
9781317807858
9780203084526
9780821399668
9781782042433
9780520956957
9780891127581
9780203386309
9781317929505
9781780329598
9783110307108
9780199377503
9781466598249
9781783081608
9781466590960
9781118465721
9781136244537
9781627052665
9781409469452
9780821399095
9781466598348
9781869407872
9780299299330
9781107294134
9780804790857
9781782042020
9781782412007
9781613531853
9781608457755
9781466518001
9781135129545
9781614512950
9781306406581
9783527671571
9781614510413
9781306427050
9781782412038
9781479800124
9781781952221
9781472419835
9780292745315
9781139776660
9781782250821
9781139616102
9781139108867
9780804784696
9781139552448
9780813553122
9780826272812
9781782251767
9781606495452
9780814759417
9780292744622
9781139424394
9781139907019
9780203761892
9780804781701
9781306772587
9780674369429
9781107334779
9780748668182
9780814723999
9781107290235
9780821444290
9780674062634
9780199846023
9781139028943
9781107309036
9781139377225
9781139814508
9781782250937
9781107348349
9780814724552
9780199921034
9781107337442
9780814723227
9780300183542
9781847318725
9781107025387
9781139376990
9780262318358
9781680155075
9781139170024
9780813144931
9781139055345
9780801470653
9781135131487
9780198044062
9781139087629
9780814744406
9781139616898
9781107248496
9781847319166
9781107344945
9780199930326
9780801464157
9789991687049
9780674074453
9781400848539
9781782250609
9781847319470
9780804782104
9781602231764
9780804783507
9780813141220
9781611683653
9781139516938
9781139863100
9781438445984
9780674419889
9781782250500
9781847319593
9789400600546
9780300188066
9780674726260
9782760532137
9781400846276
9780199967582
9780226396460
9781139567121
9781139419727
9781847319890
9781139553988
9780511735929
9780748668076
9780814708477
9781623965280
9780190203221
9781316008638
9781472569981
9781139093828
9780813219516
9781107334533
9780814785898
9780822395386
9786155225574
9781139871129
9781107275447
9780199360246
9781927356661
9780833085566
9781780934679
9783035304619
9783527654147
9781610489553
9780199340958
9781782042471
9780857008367
9780203558096
9781317916574
9781783263097
9781462512607
9783527681143
9781118197448
9781118875179
9780191654503
9781783472680
9789987082094
9781608459902
9781782546429
9781568584874
9781472431042
9781623566890
9781118693940
9780857011541
9780124047105
9781782411949
9781118466841
9781782841272
9781118869833
9789004262959
9781400850150
9781118797624
9780813050171
9780191625152
9781579229139
9781459719538
9781462512225
9781118572078
9781118694091
9783035304510
9781118403112
9781118774557
9781554586547
9781627050173
9781306179980
9781782841319
9781118725139
9781615191819
9781472413185
9781469611631
9781598298086
9781416615699
9781612056173
9781472528872
9780199996933
9780199909155
9781624176722
9780804790734
9780857011589
9781118841792
9783653029413
9780857008404
9781781004647
9781409406778
9780203084199
9781306638128
9781409449553
9781118417867
9781118709252
9781118837214
9781409429838
9782086978589
9783035106565
9781135982850
9780203066461
9781472533395
9781472424952
9781609382476
9781612053189
9781118418864
9780191664090
9781136216442
9781420091441
9781409469933
9781623961466
9781107724044
9781118716441
9781118785904
9789460947810
9781439907887
9780124167117
9781416615576
9781118908686
9781627052085
9780520958197
9781609174125
9781409448471
9781472424983
9781627052382
9781118925386
9781482207767
9781442668348
9780826196583
9789814364836
9781118755716
9781306473019
9781306414630
9780199706082
9781306477277
9781118765296
9780199703302
9781466513778
9781782042426
9781306549929
9781118415306
9789027270672
9780547523637
9781442665583
9780813050409
9780520958265
9781139538268
9781484350959
9781782841449
9781118637890
9780203509074
9780814724958
9781412852142
9781442220102
9781118844175
9781317934035
9781783710355
9780253010711
9789004257054
9781134744541
9781118536193
9781306376372
9781442228269
9781118915134
9781472413567
9781782042372
9781782841531
9780822376750
9781306180221
9781439910894
9780520957954
9781317755159
9781306582728
9781781005583
9781118569801
9781439866009
9783038214823
9781472905079
9781921867736
9780815725534
9781464800580
9781118707210
9780814738153
9781306553162
9781782411871
9781782042358
9781782042457
9781306533348
9781442665552
9780226128894
9781306539098
9781139863162
9781466517165
9781107781269
9781608459681
9781446297377
9781118858417
9780833084392
9781453911884
9789004264595
9780472029907
9781447305705
9781139862943
9781137297648
9781118598191
9780199701575
9780300206203
9781118783696
9781317936053
9781475809206
9780203095959
9781118776353
9781627052467
9780520958258
9781118649398
9780199344581
9780472029990
9781623568276
9781464801204
9780226122144
9781450474344
9781608458790
9780813048789
9781118859582
9781306640534
9781935408581
9781118783030
9781118634516
9781136627521
9781409451990
9781118763599
9781118832011
9781409452102
9781400850310
9781118896013
9781118914403
9781453909706
9780199335442
9781135119096
9789814411745
9781466518049
9781442234741
9781623966638
9781306821469
9781137332004
9781439911143
9781472427205
9781315858067
9781139922845
9781612514703
9781845939205
9781472423382
9781118730577
9781780937243
9781118860724
9781135190002
9781118693810
9781464800139
9780520958593
9781623564582
9781441102492
9781782544982
9781118791394
9781782840787
9781484349137
9781783160181
9781464802676
9781306473415
9780784478004
9780833084972
9781464800054
9781606495018
9781627050883
9781628460032
9781118607367
9781400850136
9781442226104
9781118821251
9781623200572
9780803255654
9780813048963
9780226138640
9781118683842
9781483340302
9780191009495
9781118931066
9781626740341
9780191508684
9781623561628
9780465080809
9780231537650
9780784478202
9781626740242
9781568584911
9781479805150
9780857856777
9780761863403
9783527681990
9781781006139
9780335263035
9780191005176
9781135132750
9781118922583
9781623560584
9781118536506
9780754698166
9780803255173
9789956791453
9781409462613
9781118701492
9781306785792
9783527678280
9781322523026
9781623965310
9781118403075
9781442227217
9781118688571
9780567488411
9781118814833
9781627050333
9780199358830
9789004273887
9781627053624
9780191631474
9781466646841
9781627051408
9781466567849
9781136294594
9781583674369
9780520958029
9781317929536
9789004261716
9781118760840
9781439890738
9781118402757
9781315858326
9781464801068
9780739183380
9781464801006
9780817387259
9781135092283
9781608458776
9781442229808
9780820346380
9780203070956
9781409455516
9781464801112
9781306184526
9780821444740
9781317934394
9781623567637
9781400849970
9781609174019
9781118863183
9781118763902
9780547554907
9781118862957
9781317999683
9781118500415
9781464800955
9781783081622
9781118660393
9781400849932
9781118648711
9780203584217
9781466518162
9781118335994
9781627050739
9780761862307
9781782042068
9789004264342
9781475805383
9781118815656
9781118721117
9789004262317
9783527677856
9781118752685
9781782042013
9781118534878
9781447305262
9780203744086
9780199921799
9780203383797
9781409446132
9781782042280
9780203797778
9780749469306
9780801465789
9781849196604
9781472417626
9781118419687
9781782841142
9781782382331
9789814364782
9781118863527
9781134704644
9780822377375
9781780231259
9780857723055
9781618110695
9781780231242
9781608453672
9781118818411
9780199314546
9780821399606
9781409429654
9781118341773
9781613531945
9781783472536
9780203071878
9781464801044
9780199343577
9781482203424
9781621039877
9781118684122
9781464801358
9781135075347
9780881326574
9781118764589
9781475807431
9780813561387
9781134512638
9781469615301
9780821399118
9781107335141
9781466596405
9781400850129
9781409436850
9781782043669
9780190200657
9781139375511
9781782251552
9781782250463
9781139030649
9780817387631
9780226124551
9781608464302
9780817387426
9781464802058
9781400839681
9780804791861
9781782251101
9780814762806
9780511980442
9781782251538
9781849461627
9780814708316
9781783506217
9781283410960
9780226924397
9781139226356
9781775587262
9789814339551
9781139782845
9780300167375
9781466561120
9781623966751
9780520959095
9781847319555
9780826353795
9781469601625
9780814724484
9789814411073
9780820344768
9780226921914
9781782253501
9781136203084
9781623563479
9781139061261
9781847319357
9781472576385
9781847318831
9781139572859
9781782042952
9780748643813
9781627052566
9780804791588
9781782250760
9781783264285
9780300176377
9781139236058
9780804783743
9781139552288
9780191651526
9781568584683
9781107420571
9780203115190
9780804782227
9781107333215
9781609174286
9781472434999
9781107691841
9781464801105
9780804783903
9781316006559
9780674074118
9780817387624
9781139137225
9780199754540
9781139235563
9781139136792
9780199707454
9781550925586
9780774824798
9780826272966
9781783100163
9781306375276
9781782043249
9781628921519
9781782841395
9780226043692
9781409462200
9780804786348
9780748645787
9781306938112
9781118683439
9781315762050
9781139109383
9781782251712
9781139048798
9780300195071
9781139220439
9780511997945
9781139374880
9781617039133
9781782251248
9781782250678
9781139340212
9781139003445
9781139177153
9780262305785
9780511979286
9781847319203
9780199908523
9781139179058
9781139382823
9781107059719
9780472027729
9781139515085
9780511920509
9781847318817
9781782251385
9780804783736
9780801469244
9781782251194
9781139221498
9780300199192
9780813554280
9781107471863
9780748669554
9781442663077
9781139844987
9781139564991
9780813933757
9780199917310
9780816599288
9780674073562
9786613633415
9781139136723
9780774824149
9780191639913
9780511910128
9781612492537
9780226924014
9780511979071
9781442616615
9781107420564
9781139381888
9781400844838
9781107421417
9781782251934
9781283543354
9780199970032
9781555537821
9781139842990
9780826352996
9781139844703
9780300183474
9781107274112
9781139843034
9781139220859
9781847318893
9781139208093
9781139568975
9780300177930
9780814729045
9781139013789
9780199876365
9781847319036
9780814729311
9781107471832
9781782252764
9780199974757
9781139152334
9781139151238
9780674065031
9781139051750
9781782250715
9781139551861
9781139136761
9781139204545
9780804784009
9780199944583
9780511998560
9780300191349
9781139375689
9781139342711
9781847319456
9781139186162
9780748669066
9780226067193
9781139217514
9780521513760
9780804781572
9781782251422
9781139248945
9781139217774
9780199982394
9781107345287
9781107344853
9781139105712
9781107468511
9781139185981
9789461660824
9781603447669
9781139572811
9781847319791
9780817386238
9780674067707
9781469612539
9780813219769
9781139159067
9780774822343
9781139552271
9780199890767
9781139208130
9781107275058
9780776620848
9780300186000
9780191626821
9781107275256
9780826351234
9780674064935
9780674074910
9781139232265
9781139024877
9781280685170
9781782250210
9780774823241
9781107420304
9780814753279
9780814733448
9781139516839
9781107347960
9780511842122
9781139570794
9781283873956
9781139221528
9780511894527
9780806189222
9781139224932
9781782250098
9781139567640
9780774821582
9781107306622
9780809330843
9781107419605
9780674067370
9780814745274
9780814337202
9781847319081
9781139176125
9780708325810
9786613676634
9781139380133
9781782250005
9780674073685
9781139191173
9781139555067
9781139005067
9781847318978
9780814739327
9781139551823
9780300184211
9781400842506
9780226136516
9780821444160
9781107306158
9781139232425
9781139012133
9781139782791
9780820345840
9780814784570
9781139185806
9781139061995
9781107275287
9781139208680
9780813219721
9781107345348
9780809330980
9781139230742
9781602584211
9781782252580
9781782250784
9781139419307
9781139338479
9780300195217
9780674067561
9781782251262
9780472028832
9780674064966
9781107597945
9780804782678
9781283943697
9781782252306
9780300189049
9780511998201
9780809332021
9780774824064
9781139410908
9781400842575
9781139340274
9781782251002
9783527684366
9780203081785
9781782043379
9781464800238
9789004281622
9781464803628
9781464803154
9781780233963
9780203082751
9780203515181
9781782043447
9781479804573
9780191664830
9781605542546
9781137003874
9781783470310
9781782043782
9781783712328
9781780234175
9781845414696
9781607813743
9781137386564
9781316004272
9780674735712
9780817387969
9781118610497
9781472435156
9781472509536
9780199985708
9780801455124
9781135089061
9780813936000
9780801455063
9781780936741
9781626161085
9781610394710
9781626740570
9781306532150
9780826196422
9781316075708
9789004283237
9781409451532
9781136675263
9781316075401
9781322111575
9789048523085
9781139033602
9780231536882
9781118590850
9781137316431
9781472525000
9780821395363
9781107415737
9781782043928
9781119028161
9781464802935
9781107707375
9780813048765
9780203108703
9781628960075
9781627052023
9781317676768
9781476615998
9780191024849
9781780234021
9781316205143
9781316130445
9780813048758
9781137403797
9789004270220
9781626743915
9781464803451
9780813221533
9781472528988
9781409446422
9789004281042
9781782043904
9781439849170
9781118662946
9780226182551
9781782043133
9780881326925
9781137447661
9781780233932
9781626740921
9781322217253
9781118696002
9781626740730
9780262320559
9780826198761
9781464803345
9781479887002
9780231537780
9780826520258
9780203694404
9780801471858
9780190213145
9780813048956
9781316076668
9781316167229
9781783477296
9781119008101
9781443401883
9781316076644
9781611686876
9780203070925
9781118927687
9780754691389
9781472583130
9789956792153
9781783472475
9781469618678
9781118677322
9781139136358
9781139649513
9781608464531
9780295805399
9781782043164
9781782546047
9780815725701
9781623492243
9780295805382
9780784478400
9780199335961
9781464801525
9780817918187
9781479872640
9781441119919
9781316014547
9781316206102
9781316208304
9781139381260
9781137437976
9781627054454
9781118980859
9780226174938
9781322236704
9781612517940
9781602585270
9781439836026
9781783505029
9780292763159
9780226187426
9780262326063
9781472507549
9789004263352
9780199392018
9780804793162
9781118737934
9781610697484
9781476618906
9781317804123
9781782841685
9780191053641
9780262319218
9781626740679
9780231538268
9781606496114
9781322313658
9781322331881
9780821399576
9781119001157
9781118950845
9781482253313
9780807158289
9781782043577
9781442227330
9781118962213
9781628940862
9781606496558
9781135053543
9781782385479
9781619024137
9781316215302
9781441147417
9781441153975
9780203069097
9781118807545
9780801455148
9780815723998
9781612517834
9781782841807
9781118648773
9781322326085
9780191665080
9789004279391
9780826273192
9781316073636
9781783477562
9781137408211
9781595588654
9781137312273
9781118902110
9781464803307
9780199385539
9780784478349
9780853038290
9781479893553
9780853039389
9781472576842
9780870210600
9780190237936
9780191667695
9781118762899
9781927527764
9781848214699
9781472421340
9780748694556
9781473906396
9780748675869
9781118698129
9781782043553
9780803286474
9781118869321
9780191023880
9781442235991
9781118455289
9781742246826
9781322101811
9781322110806
9781409450672
9781118941843
9783527678297
9781609174262
9780262323192
9780857007926
9781626740563
9780262321945
9781442619135
9781552387801
9781118896341
9781118763476
9781317658931
9781315814001
9781118698303
9781315761954
9781118933855
9781306973236
9781442617759
9780739192313
9781139959117
9780803266995
9780465056941
9781498309035
9781118945988
9781462916092
9781464803864
9781472522337
9781317697756
9781118491003
9781119004998
9781409470175
9781614511472
9780826129864
9781626740624
9781400851911
9780191028823
9781627055246
9780226156156
9781136868368
9781440833106
9780190218157
9780199392162
9781628950267
9781479825394
9780199355525
9781322024318
9780804792974
9781452943183
9781623966393
9781118969717
9780231538046
9781315763897
9780857011336
9780226156941
9781118415252
9781607322924
9780203129975
9781617051333
9780226129426
9780141975597
9780702252709
9780544230361
9781627052146
9780191008719
9781118899496
9781476617046
9781442237964
9781322007793
9781472433619
9781782841388
9780801454790
9780827611801
9781464803000
9780199322626
9780262326049
9780203521960
9781134502158
9781627053365
9781466572126
9781447306924
9781316076101
9780295805405
9781316204047
9789004270121
9781439911693
9781782412809
9781620970478
9789048523023
9780203758137
9781118932117
9781118339466
9781464803932
9780191008870
9781479876730
9781464804069
9781472417725
9781782544968
9781409447085
9781316072417
9789004283268
9781107045354
9780857855428
9781464802171
9780199391738
9780801454899
9781627052627
9781464804151
9780199990757
9780203118351
9780813055183
9789814616591
9780231538411
9781627054416
9781322610573
9780191045523
9780300210651
9780465040544
9780826198181
9780199987412
9781316204368
9789814623582
9780199946150
9781784710996
9781909030800
9781316215265
9780191653568
9781316130353
9780520960565
9781317570233
9781118732977
9781137432964
9781316204788
9789888313280
9781442623798
9780813055152
9780813055244
9780226195667
9781118906521
9780203393147
9781623492212
9780814708033
9781442620704
9780199990061
9781623968465
9780813055107
9780813055008
9781466577930
9780804793537
9781472419996
9780252096709
9780191035357
9781316249376
9781780634388
9781462518425
9781610755498
9781316149768
9781783478668
9780857855664
9781316208144
9781316249888
9781623567293
9781118521250
9780226191775
9780813055138
9780199974504
9781442619913
9781612059112
9781315746487
9780191630286
9781472525307
9781400852130
9781626740853
9781523101375
9781136175374
9781118456408
9781118603796
9781316204405
9781784500603
9781617975820
9781783472000
9781780329185
9781139097185
9781482231502
9789027270085
9781782412427
9780804792318
9780815652823
9780826199072
9781481300865
9789004255708
9781439840443
9781118487815
9780191007101
9781139957700
9789004276338
9781441135148
9781464802386
9781464802799
9781438452890
9781316006931
9780199385300
9781118829646
9780199941582
9781118984901
9781136184642
9781782043034
9781464802621
9781464802409
9789004261730
9781472417350
9781935439950
9781472437129
9781783711505
9781464801969
9781322545264
9781315777122
9780833081322
9781118930908
9781475808162
9781628940626
9781610487931
9781479858279
9781139910514
9781464802362
9781118966938
9780262319249
9780203111758
9780798304597
9781609174095
9781316005798
9781446287040
9780191009884
9781315797304
9781306452250
9781317700241
9780262320733
9781139794695
9780826109552
9781623966904
9780203117569
9781627052580
9781782043089
9789004263161
9780252096532
9781469612737
9781315770109
9780857723857
9781107496750
9780567008268
9781469614458
9781782546818
9780252095993
9789956791354
9781118573631
9781464802645
9781118923849
9781139021838
9781482226515
9781316008102
9781780324425
9789004278493
9789401210676
9781118828014
9781472418951
9781464802256
9780880994569
9781464801976
9780804791083
9781317694069
9781472423108
9781472404671
9780745685243
9780761863861
9781440800917
9780813568720
9780199357123
9780231536684
9781783711291
9781464802324
9780292761223
9781118536643
9781479804375
9789004201644
9780814760369
9781316075111
9780191016820
9781438453910
9780761864370
9781317606512
9781464803048
9781322155029
9781317699644
9781608459537
9781606496978
9780820347912
9780804793094
9781139525374
9789048523153
9781464803406
9780299301835
9781627051996
9781317663256
9780226145761
9781306797863
9781464803338
9781783475186
9780190206635
9780674736177
9780804793100
9781466558564
9781139094245
9781137390608
9781316006801
9781118521502
9781317963042
9780203069011
9781317748045
9780203755051
9781441193155
9781107280595
9781626740648
9781629580258
9781409469544
9781139506007
9789004282872
9781118926727
9781608454440
9780203079607
9781627051859
9780544302372
9781317629054
9780874219517
9781606498736
9781441187215
9781315769127
9781442666221
9781118781814
9780300188332
9781782044246
9781447300885
9780191501654
9780230347922
9781316075548
9781782043362
9780814760659
9780544253162
9780826355089
9780190210922
9780803269460
9789401211109
9781441130587
9781472527653
9781322155074
9781316075845
9781118740873
9781936747979
9781613530351
9780203494066
9781316078594
9780806148328
9781783711789
9781118892053
9781322195995
9781606496176
9781606496756
9781438453392
9780226144337
9781316009390
9781316073353
9781472523679
9780226170251
9781464803758
9781136341809
9781627053600
9780821399330
9780203105436
9781628461176
9781316072387
9780814724972
9780814770221
9781472533043
9781118706381
9781627050777
9789048522941
9781317653011
9781315816432
9780199978052
9781409468554
9780262320917
9781620677551
9781118984468
9781464801372
9781135008451
9781107447844
9781623560607
9781486301751
9781623966843
9781118916766
9781781904992
9781441107213
9780520959231
9781421413952
9781466552760
9781609174156
9781472437778
9783653019957
9781317656531
9781782841548
9781606495377
9780190200862
9781462516667
9781782841654
9781316073704
9781118830505
9781441177629
9781452281001
9781472409614
9781479815760
9781627053242
9780544045644
9781627053914
9780801471896
9781627051712
9780812698817
9781306707183
9789048521814
9781118984529
9781782841357
9781316006467
9781781000281
9781118567227
9780803276529
9781317916611
9781118725566
9781315819198
9789004274013
9780520959415
9781464800290
9781469618593
9780199341702
9781317700876
9780203773390
9781597566407
9781626562196
9781613530313
9780226167503
9780199389483
9781623966874
9781620362013
9781482233162
9780803276574
9780226145594
9781317820192
9781775587415
9781627054331
9789048522255
9781627052122
9781597566636
9780813564753
9789004277113
9789956792139
9781623964955
9789401210836
9781609174316
9780262321129
9780262320825
9781316075852
9781316006146
9781315815497
9781464802096
9780203122860
9780748686155
9781498704458
9781316008980
9781315856650
9781118578636
9781627054355
9781464802980
9781623493042
9780203762486
9789004287549
9789048524099
9781594037719
9781623492694
9781782385424
9781780233833
9781783602797
9781472453471
9781118921104
9781135042295
9781472423139
9780544273306
9781783508976
9780806149837
9781476617565
9780674736191
9781627053181
9783035604399
9781464804113
9781626740754
9781472432933
9780804790864
9781442618893
9781614518860
9780857724342
9780299304034
9781438454603
9789004285101
9781632460004
9780857095619
9781315735627
9789004284593
9781783712670
9789027269027
9780813055206
9781626743588
9780813936888
9781609174446
9781623968144
9781315819532
9780813055145
9781316131046
9781472406835
9781316250136
9780292771352
9781782383789
9789027268914
9783038210061
9781315771830
9781317626985
9781316248126
9780295805610
9781107478725
9780813055121
9781479840250
9781315764061
9789047425076
9781315733036
9781782044314
9781442619876
9780826520340
9780816501984
9781620970485
9780190257132
9780814708774
9780299304232
9781439820193
9781472411808
9781464803642
9781623492670
9783110307023
9781464803246
9781139003384
9781137406910
9781118867976
9789004258082
9783110304497
9781316247600
9780299303334
9789004261150
9780567658548
9789004260009
9789004282377
9781464804045
9780567037329
9780816501533
9781442619647
9781316218273
9781412855488
9780226176246
9781136497551
9780814724194
9780415464871
9789004285477
9781523100675
9780806149974
9789048525942
9781464801501
9781442665903
9781316031940
9780262324298
9780226208947
9780191639630
9780674286382
9781470422264
9781315767574
9780814436462
9781317806073
9781316203767
9780199937332
9780803284159
9780300213133
9780674425163
9789461661715
9781782044710
9781442619487
9781472505002
9780199357758
9780824854072
9780674286894
9780674425668
9780801455681
9781466594678
9781421416168
9781607097464
9781317551911
9780191044687
9781469623269
9781470422271
9781400866366
9781400865482
9780674286443
9780815726555
9780190252670
9781782413059
9781482258066
9780801455445
9781782841982
9780226241050
9780674286955
9780674425873
9781628927412
9781442621190
9789004284142
9781315886701
9781475815368
9781139094337
9781464804182
9780773581746
9780299303631
9781782413233
9780801455520
9781442616936
9789027268846
9780674425699
9780674425965
9781316360248
9780804794565
9780815726241
9781609174675
9781470422257
9780824854768
9781782044727
9781336212114
9781469623290
9781442616950
9781447310365
9780190203689
9780803298965
9781118859025
9780674286238
9780674425569
9781631011849
9780801455643
9780821445143
9781442238954
9781780642901
9781315794549
9781782044741
9780226233574
9781442240711
9781611477467
9780262322300
9781476618685
9781316272930
9781469623337
9781472522191
9780813936871
9780191640292
9780226238920
9780674426085
9780816531752
9781782413035
9780674287167
9780801456220
9780191511561
9781118751312
9789004289109
9781782044697
9789956792078
9780801455766
9780803274358
9780674425507
9781118672839
9781472432414
9781782385677
9780804794886
9780822376019
9780465039944
9780306823947
9781783470396
9781317607502
9780774828390
9789221288749
9781447320883
9781462915156
9780465040599
9780816502035
9781482231663
9780292761070
9780674425385
9781629220154
9781316329078
9780761864356
9780813142470
9781316204795
9780226106250
9781782044345
9780674425293
9781623492137
9780191631566
9781612347493
9781316204085
9780813055374
9781612054469
9781317532200
9781442244344
9780803277106
9781472529183
9780773582507
9781137476289
9781322641799
9781317553779
9780465040612
9780226236650
9780813055350
9781498509732
9780226141251
9781441117816
9783527673346
9781316106303
9781781000502
9780801455544
9780520961661
9780252097126
9780804795654
9780813055176
9781462915033
9781782841838
9781472449856
9780191034923
9781118860618
9781316128848
9781782044666
9780803269835
9781316249222
9781782044567
9781781004012
9781442236363
9780830897124
9781316207741
9781784715847
9781775587811
9781482223538
9781782044765
9781784415839
9780674425101
9781316248119
9780226116938
9781608459391
9789048524167
9781464803086
9780190212704
9780226042091
9781440831751
9781400865819
9781782044222
9780674425538
9781306942607
9781315714646
9781322874883
9781782386001
9781316248621
9781464800191
9789956792306
9781627052245
9781442617551
9780813055169
9780774829250
9780465040605
9781317973942
9781442623019
9781137375940
9781453915523
9780299299835
9781614514237
9781135005955
9789004250994
9780739193587
9780465066940
9781442243477
9780295805979
9781421416137
9781784100063
9780674426177
9781782386452
9781317754107
9781476619477
9781610395298
9780813055305
9789004292222
9781464804212
9781501700125
9780801455889
9781316332160
9781315722528
9781118629321
9780801456169
9780813161167
9780813055268
9781119072096
9781442240797
9780801456145
9789004291485
9780813227221
9780262329057
9781501501500
9781627056571
9780804795784
9780739184097
9780801456121
9781611174755
9781137376183
9780465040681
9781464804823
9781568584904
9789004292895
9781137318480
9781315754130
9780804794954
9780801455902
9781316330708
9781783501137
9780226236483
9781118783054
9780190231606
9781442622494
9781628941197
9780993071706
9781782841951
9781783712991
9780191059506
9781316105757
9789888313082
9781118809907
9781137465788
9781605544007
9781626745346
9783527685141
9781619026384
9789048526956
9789004282155
9780801456244
9781784100094
9781135020620
9781628941043
9789004289482
9781316360262
9781501510632
9780262327527
9781316318546
9781118957813
9780299303235
9781784501402
9781316329160
9780191008818
9783038214830
9780190205577
9781523102556
9780674425750
9780465060665
9781782044970
9781442250567
9781568584775
9781782044185
9781606506592
9781442619302
9780674426238
9781783602209
9780674286412
9780226241531
9781118608500
9780300216073
9781316247754
9783038213659
9781469622569
9781462914968
9780226247045
9781469619972
9780226256092
9781472432766
9783110341041
9780231539203
9780813937199
9781316318638
9780813055213
9780674286566
9780226232287
9781316330630
9780190217235
9781472528971
9781608452026
9780191038044
9780300213416
9781472411471
9781316248645
9781472450784
9781782841869
9789956792092
9781442622050
9781620970805
9789956792566
9781475806458
9780226243801
9781782841920
9781610394406
9783110365696
9781442622630
9781782413271
9789956792214
9780465040629
9781784501570
9780804794763
9781442621176
9780231539081
9781452944388
9781316320907
9780231539036
9789990804034
9780827612396
9781523102563
9780465055623
9780191054235
9781317961383
9781623968823
9781623968854
9781442622227
9781611175172
9781442616523
9780806149516
9780190219482
9781627055758
9781626745292
9780803277335
9781610395786
9780465057979
9781784714987
9781442245754
9781118711224
9781784416577
9780674425934
9781316247334
9781780234786
9781317508038
9781442617711
9781475807493
9781440831270
9781614514626
9780567458575
9780465051694
9781421416915
9780819575203
9781550925852
9781623968533
9789004290501
9780674426146
9780761865711
9781621573920
9781470422288
9780262327190
9780203522486
9781442619036
9781400865529
9780806149202
9781464804342
9780718843205
9789264228733
9781400873517
9781782257134
9780813055473
9780804796712
9780803285231
9783110444582
9780226255002
9780190228910
9780191663567
9780199795222
9781459724129
9780191022401
9781479862245
9781472448002
9780857726766
9781464805974
9789221296393
9781477305409
9781119137245
9780191003356
9781619026766
9781441142528
9781473856431
9781315766676
9783527338771
9781782385615
9789004299788
9781400873272
9780191007477
9781315675299
9780813166100
9781780406886
9781316319567
9789956762293
9781623566791
9781509902064
9781785360275
9789956762040
9781317690276
9789956762750
9781317511939
9781780234632
9781783475506
9781440840258
9781408185575
9781479812516
9781782045373
9780804796798
9781784715526
9780191044397
9781785603983
9780300216578
9780199392391
9781119012856
9783110430455
9781609174712
9780857937834
9781611646078
9781782842705
9780813055497
9780465073481
9781780234823
9781780232980
9780520960732
9789814613811
9780199361397
9781464804939
9789956762064
9780190279561
9781783093991
9781464806513
9780191018152
9781628952322
9780191061844
9781780234595
9781627053891
9789956762156
9781438458182
9781317815631
9781628922943
9780511820700
9781782388319
9781486300303
9780827612471
9781137490384
9781441121608
9781614511786
9780203083451
9781849198547
9781780407340
9781614516354
9781784718251
9781610395656
9781775588153
9780191668951
9781611646047
9780203493748
9780806153094
9781438457611
9781479838004
9780299303730
9781459731110
9781848898837
9789956762149
9781464805493
9781479808977
9781782388104
9781900971287
9781469623320
9780857009920
9781316317785
9781623493240
9780739165089
9781442248267
9781316320747
9781771600651
9781782387695
9780203798898
9781482231656
9780191008672
9781782045021
9781585284658
9781771860482
9781139003797
9789004296039
9780826130068
9780773584037
9781317975359
9780813055411
9781614518679
9781614514091
9780813055435
9781775588085
9781466570368
9780857012111
9781501502149
9781316330340
9781466554931
9781464805066
9781782045113
9781496803122
9781316319710
9780813227542
9781627057509
9781501500022
9781482202564
9780813165394
9781783713240
9780226117096
9781315697055
9781442624504
9780191037740
9780761866091
9781782389514
9781614518730
9780203767047
9781316358375
9781782045335
9781782045120
9781782387725
9780813565132
9780203796245
9789956762736
9781316363232
9789004294301
9781118696644
9789956762378
9781316358443
9781442624337
9781477301104
9781316320037
9781782411055
9780226258706
9781848898868
9780299303433
9780567655820
9781464805950
9781783713356
9781421417073
9789004297784
9781464806063
9781848898776
9780472028313
9781119040934
9781464805677
9781782045274
9783527690565
9781464804571
9781107337978
9781442624092
9781316091883
9781476619699
9789004299498
9781614514367
9781317755722
9781501502651
9789814613354
9781316031988
9781475813623
9781771882750
9780191018114
9781501502569
9781498717021
9781440835759
9780190262938
9781479809714
9781472506221
9783110431346
9780857726551
9781627056625
9781466557390
9781849468848
9789004304086
9781466570436
9781137500762
9781466505483
9781781000267
9783110427912
9781628962369
9780300216714
9781498733083
9789814613262
9781479818716
9789814463836
9789814463393
9781119097426
9781462915064
9781614514268
9781472533197
9781453917138
9789004307834
9780813165882
9781400873302
9781137225504
9781780407609
9781317509615
9781775592518
9781479833313
9783653047325
9781400873746
9781627053587
9780226206677
9781119021339
9781119037590
9781523104499
9781137337092
9789004306998
9781784100308
9781400874293
9780300216608
9781453916315
9780803285439
9781628925920
9781782259299
9781137511645
9781477305546
9781780407661
9781631011504
9780813349114
9789814463508
9783110435047
9781474247672
9783035264951
9781627055710
9781782259510
9781501501449
9781849469012
9780813055671
9781440832604
9783035264265
9781137328267
9789004305724
9781479808878
9781784500962
9781137273413
9789004302532
9781623560966
9781627054058
9783110418545
9781137399472
9781498719735
9781482238167
9780857738158
9781509901388
9781137498809
9780814724712
9780853038665
9781118921586
9781400873159
9781784712082
9781523100231
9781782842101
9780199364077
9783110387919
9780813055220
9781479891627
9780803285057
9789004305540
9781137451439
9780191502774
9780191002953
9781780235356
9781925022278
9780226284453
9781585284740
9780190267322
9781784100247
9781464805738
9781442616639
9781783470372
9780803278981
9781118696941
9789888273140
9781118688663
9780191035227
9781119043577
9780813055565
9781464804533
9780226291437
9780199334193
9781316031957
9781464805424
9781400873265
9781441142153
9781315719191
9781464805417
9780203796207
9780813055442
9780253017055
9781782045168
9781315795164
9780874219937
9781482248203
9780253015419
9789004298415
9781472526601
9781479879342
9780806152332
9781628920741
9780813055459
9789264235120
9781118841112
9781464804472
9781316258293
9780190268565
9781606352540
9781119052692
9781780233925
9781317543305
9780857738905
9781315722252
9789004301191
9781627050920
9781421414683
9780804796026
9781135014896
9781627057936
9780857931429
9780813055534
9781783093861
9781785370021
9780813574776
9780191060021
9781780233222
9780803299320
9781781955482
9789004297364
9781498510301
9781783478231
9781780235431
9780814436684
9781400873876
9780199925636
9781316358115
9781780233116
9780814794197
9781315691206
9780199859535
9781782045311
9781316358351
9780813165851
9781420011500
9781784717285
9781611175509
9781317501329
9781336221321
9781780235554
9780203123805
9780191007064
9780253021571
9781780235370
9781400874248
9781782771203
9781783472376
9781496802910
9781322078328
9781472442147
9780813055602
9781441109194
9781441122698
9781472589699
9780748697922
9781137505255
9780674495838
9781509906192
9780817918880
9781782253358
9781782258919
9781782256588
9780295806112
9781400873500
9781479846023
9781509902408
9780826356291
9781509902163
9781462523559
9780190246747
9780295806129
9781440834998
9781782259534
9780191024115
9780199379569
9781472506252
9780813055763
9780674915596
9781118531150
9780191067600
9780813055749
9780295806136
9781479844647
9781498726535
9781118827611
9781472521941
9781509900374
9781609174538
9781681233352
9781119058120
9781479801510
9780226301150
9781782255468
9780226304991
9780674089075
9781849469548
9781783094639
9781610699518
9780295806297
9780226097206
9781135045074
9781135039394
9781452945743
9781628920673
9781466593145
9781474408868
9781782842552
9780191645631
9781474253215
9781608459780
9781681233550
9781501510656
9780226290621
9781782389491
9789004293687
9781479803217
9780190215262
9781440832741
9780191069208
9780812292220
9781118439180
9780520964280
9781498748438
9780199380480
9780226285573
9780226288826
9780812292190
9781627051149
9780190465360
9781317419297
9780674089105
9780813166360
9780826125330
9780295806341
9780826356260
9780674089013
9781782842767
9781783094684
9781627053525
9781681231969
9781453916308
9780803288430
9781782256625
9781509903573
9781782842163
9780814732434
9780674495548
9781583675793
9780812292206
9780814768785
9781315748566
9780674089112
9781479800308
9781442236882
9780520959941
9781119052159
9781118971376
9781610395274
9780253015785
9780226922195
9781782842026
9780226256740
9780804795333
9781523107711
9781316031070
9781316144930
9780674286535
9781316332962
9780813937595
9781606495315
9781629581248
9781477303900
9781118897614
9780813055503
9781783471935
9781609383503
9781316330159
9780674287075
9780857007735
9781442248847
9780804795210
9781612518664
9780226233741
9780299304133
9781317554851
9781412856331
9781606498798
9781782842521
9780472120864
9781627054461
9780674286290
9780813055275
9780784478691
9781775587965
9780674286177
9789956762248
9781317499916
9780520961838
9789004293250
9781498722247
9780819575388
9781316320563
9780821445211
9781137497352
9781606498217
9781442625211
9781620970775
9780815653073
9789048522866
9781606505137
9780674286658
9780674286740
9780674287136
9781775588016
9781119098362
9783527412136
9780813055367
9781137499974
9789004293380
9780674286986
9780295806051
9780203094495
9780674286597
9780674504592
9780814724774
9781606504895
9780814724217
9789956762606
9780253016089
9780295805986
9780226237329
9780814708941
9781118971345
9780674286627
9781626740471
9781479832514
9781316014684
9780813055312
9780804795012
9780674287044
9780252097324
9780674286924
9780674286269
9781606496770
9780226258195
9780674286832
9780813055282
9781498502658
9780203109083
9781107588479
9781479880461
9781631570308
9781782842460
9780809334452
9781474262866
9781784500153
9789814571708
9789004311213
9780804796866
9781627058483
9783527698196
9781440839979
9781317331407
9781441102775
9781783268955
9781442696389
9780803285965
9781782842583
9780199355457
9781464806483
9789004277007
9789814730648
9781464807572
9781441143587
9780809333776
9781464806742
9781613530375
9781464807077
9781472922991
9781317295419
9780803645165
9781782842859
9781627058360
9781785370472
9781440839993
9781472566874
9780674915480
9781317802570
9781472575579
9781474260299
9781627058346
9780567668707
9781438458458
9781400880270
9783110366914
9781849665490
9780817389598
9780823268146
9781118939673
9781139540810
9781783717255
9781472525161
9781400880379
9780822374596
9781107415942
9780191017605
9781441151919
9781400880317
9789048523009
9780857739605
9780520963641
9780253018410
9781609091880
9781440832444
9780803288065
9781782258230
9781627058407
9781627057554
9781614516576
9781627057578
9781943859115
9789996045011
9781477308417
9780809334551
9781611176933
9781627058131
9781316475003
9789814723824
9781627056540
9781501307973
9781477308295
9781464807206
9780804797795
9780857726100
9781509506675
9781316474990
9781496805386
9780226304403
9781317332084
9781317801405
9781119141167
9789004311671
9780226332871
9781472511256
9789956763627
9781317800361
9780253019509
9780804798624
9781440843082
9781316491928
9781501317101
9781464807404
9781615047314
9781438463346
9780824867850
9780745696249
9781501706059
9781509905300
9781108112024
9781464808852
9781509902019
9781498229944
9781509502677
9781782258506
9781849352673
9781509907618
9781509903115
9781509901555
9789004322400
9781447322832
9780812293234
9781607325475
9781469630502
9780262335416
9780814761137
9780803299511
9789004328624
9781782046554
9781421421292
9781459736047
9781496810120
9780812293487
9781509909230
9781315372082
9781479853892
9781602232860
9781438462714
9780830891757
9780231542852
9781501706264
9781438463131
9781782258810
9781316556252
9781316652749
9781498719575
9781621575535
9781469630076
9781447330158
9789027266170
9781316826041
9781474216975
9781474260336
9781627054874
9780745685588
9780262336291
9781438462479
9781780648699
9781440845253
9780830894468
9780567662873
9780822982005
9781473987852
9781784503062
9781469629421
9781786357410
9781459722934
9781316573587
9780822373933
9781613764633
9781315355337
9789004332362
9780803644793
9781442629523
9781627054676
9781316754535
9781612348858
9780884140634
9781472522139
9781498206570
9781479886913
9780520293144
9781583676165
9781509903863
9781612348896
9781447318989
9781785332951
9780812293418
9781627052917
9781474286619
9781316716069
9783319350806
9781472580160
9781440840906
9781472585905
9781464807855
9781464808739
9781464806582
9781509902040
9780889848399
9781786730435
9780081017579
9781459734982
9781316457610
9789004319714
9781783475384
9781440837432
9781782547358
9780252098253
9781782843214
9781785364495
9783527695775
9781627056700
9781316590409
9789004320260
9781442625129
9781574400335
9781627057486
9781782046752
9781783475957
9780784478592
9781574403794
9781316548288
9781316457528
9780252098420
9781316491188
9780674545878
9781316560976
9781474257862
9781509901784
9781785367779
9781783475117
9781479834211
9781316541555
9781438460994
9780262334693
9781316428603
9781621575467
9789004323476
9781464807695
9780803290549
9781781003312
9780718844387
9789633861448
9781614513186
9781316541616
9781784503185
9780809334995
9781474262538
9781782259879
9781316448885
9781631012471
9780773599109
9781782047063
9781469628097
9780773598997
9780803290303
9781474213431
9781780748887
9780821399620
9781782046684
9780252098444
9781782046547
9789814669573
9780812292848
9780812292893
9781440837234
9780252098239
9780813055879
9781785370533
9781440840531
9789004314481
9781782046769
9781472523563
9781784711542
9780803285873
9780252098543
9780814760970
9781316465677
9781574400250
9781474223690
9781439884683
9781782549260
9781440851353
9781782544784
9781785365485
9781474250856
9781782046240
9781609174897
9781316554555
9780806155470
9780803290334
9781909818866
9781316573600
9780817389567
9781784715014
9781412862332
9781118686508
9780857727046
9781316475676
9780813052533
9781316465714
9780857939708
9781785611278
9781607325376
9781474245463
9781503600843
9780309392631
9780773599253
9789004332157
9780226384252
9780567669070
9789004307766
9780520959750
9780231542982
9781782051879
9781742242569
9780813577692
9780520959798
9781869143244
9781316567135
9780520961890
9781439913802
9780674972759
9781503600270
9780226390116
9780813168135
9789004334601
9780820349862
9780309443630
9780309377607
9780815653783
9781315350219
9781498706292
9781472512161
9781474270328
9781621575986
9781619028746
9781611689808
9781469630199
9781479817016
9783110486339
9780815729099
9781501703652
9780887555145
9780226416786
9780812293326
9781400882915
9780826120694
9780191511752
9781771621281
9780567670106
9780262336475
9780674974739
9781613532126
9781503601055
9789004319653
9780822981558
9781610755993
9781107588943
9781786730503
9780674974852
9783110484380
9781613763810
9781316870198
9781469630649
9780674972957
9781438462950
9780262335959
9781472526298
9781469629223
9781612481425
9781613122990
9780300224887
9781501312298
9781782415305
9781316377611
9781316687208
9781474297479
9781486301461
9780300225129
9781594038808
9781496809872
9781509510658
9780300225303
9781614996552
9780815653622
9780819576774
9781316677995
9780226381824
9780226416021
9789004325463
9781503600836
9780674972902
9781474276627
9780830894475
9781316826829
9781786721129
9780822982296
9789956763924
9781474283014
9781462918966
9780812293340
9780300222111
9780815729242
9780813052526
9781315525518
9783838266077
9781118895832
9781780748146
9781315354415
9781479823734
9780567669650
9781626163416
9781479860746
9781464807909
9781316569412
9780880995085
9781316868553
9781316587478
9781464807879
9789048523016
9789004322677
9780300220797
9781316599174
9780643104747
9780231541633
9780812293548
9781464808517
9780804799621
9781782843122
9781447327592
9780252098567
9780812292916
9781479849574
9789400602359
9780295806648
9781780236094
9781464808708
9781118730720
9781784503024
9780813938769
9781782842972
9780820348988
9781481305419
9781619028111
9781509907366
9781317378020
9780813052502
9781486301560
9780511842115
9780817390075
9781316485996
9780511920776
9781479873128
9781784413552
9781464804960
9781438461410
9781439912904
9781610755894
9781628922974
9781119076582
9780820349398
9781464801624
9780674969926
9781316726365
9781509904068
9781501706004
9781627055260
9781317210429
9781610755900
9780815727699
9781447331445
9781783719686
9781594038327
9780300160444
9780820349367
9781782047728
9789048519958
9780817919580
9781598132168
9781771882958
9781317618959
9781316485941
9781771882910
9781400883332
9781479882830
9781784503475
9781472523587
9780231541152
9781782259350
9781474223256
9781623565022
9781452953328
9781610755948
9780472122158
9789004323551
9781627050005
9781605544632
9780268100919
9781317370215
9781317292838
9781574400199
9781118851524
9781464807954
9781509900435
9781316748220
9781631012495
9780226377278
9780674972469
9780472122301
9781464808494
9780226305189
9780674974265
9780262336086
9781609174880
9781315694221
9781849199698
9780472122202
9780803295759
9781464807930
9781481305679
9781316556214
9781118906354
9780674974708
9780226389264
9781316657355
9781464807633
9780814274125
9781316680384
9781462527991
9783319415192
9781317054559
9780874170030
9781421421476
9781509906093
9780520962767
9780226404967
9781609175047
9781469630403
9780520965539
9780231542814
9780815729112
9781400883417
9780226387789
9781509903207
9781464808821
9781316714157
9781474228527
9780253020956
9781315512877
9780806157078
9781607325529
9781925293210
9780226394145
9780520965492
9780820349954
9781316787113
9781421420257
9780567266316
9781742247816
9780253023360
9781785611551
9781107142213
9781119330141
9781613532225
9781315372419
9780262336161
9781481306072
9781464809095
9781440838293
9789027266576
9780226399775
9781628942392
9781487511241
9781496808240
9781626161450
9781469630250
9781783717910
9781447324744
9780884141631
9780231541343
9780520960770
9780803295780
9780262336222
9780520965140
9781400883370
9780813052564
9780803299481
9780231543262
9780262337625
9781785610028
9781599474700
9780300222166
9781784503161
9780822373810
9780300222128
9783319324739
9781782048183
9781316724286
9780226417592
9781452952543
9780191640537
9781509902774
9780809334735
9789004310919
9781316364659
9781681234199
9781501311857
9781479863570
9781627054140
9781627058384
9780300220810
9780819576224
9781316407066
9781316364451
9781316401170
9781316407035
9780857729606
9781509905553
9781439912447
9781609174842
9781782046981
9781317588450
9781452951584
9781118693988
9781781173862
9781785331190
9780826356031
9780262333382
9781440833496
9783110460933
9781627058421
9789814730945
9781316406939
9781316400326
9780813055954
9781316364734
9781464807244
9781479833870
9783110435443
9781442667709
9783527656189
9780226332567
9781316406717
9780803288195
9781627057721
9781440838859
9781400882816
9781783718061
9780816533763
9781783473854
9781627058513
9781474282451
9781771882996
9781316406991
9781119073093
9780806154558
9781780768540
9781316400999
9781316439487
9780674545960
9781563686450
9781609174828
9781501307584
9781609174835
9781479835416
9781609174781
9781439812464
9781627057608
9780820349190
9781464807558
9781783717798
9781400880942
9780262334808
9781315754055
9780813055817
9780262333504
9781496804839
9781316392416
9789956763030
9781316333310
9780806154428
9780674969896
9781509900336
9781849468930
9781317502043
9780857739889
9780262334778
9780674968608
9781462525676
9780813564456
9780817389758
9781472575883
9789004309579
9789814669757
9781627058278
9780253019875
9780262332095
9781317118503
9781781005859
9781785606847
9781607323945
9780807162873
9781119114840
9781479868070
9780806152677
9780803290570
9789048528462
9789004323070
9780674968905
9780813052519
9780813565958
9781612494340
9789004315983
9780803290518
9781783717491
9781631012129
9781316593158
9780231540957
9780813055909
9781442617636
9780804798013
9780813055862
9781316561195
9781118881194
9781316485866
9781439913086
9781496803825
9781118737491
9781316447697
9781610755801
9781316554524
9780813055800
9781316363218
9781134815876
9780826273567
9781316249567
9781316554517
9781609174927
9780191054501
9781785330865
9781472925152
9780813055947
9780815728177
9781911024064
9781501311628
9781316590386
9780472121014
9781316448731
9780826273628
9781316587423
9780813055787
9781608451135
9780190262266
9780520964723
9781316464946
9780827231368
9780262332392
9781782842675
9781119136958
9781474268752
9781412862318
9789004314900
9780813055855
9780813055831
9780191663581
9781627058100
9781316532737
9781316682593
9780190243500
9781316682555
9781439913413
9780199950935
9781316456774
9780817389888
9781681234427
9780815728009
9789814669313
9781316456682
9780833094940
9780807163207
9780814724347
9781118561362
9781316532782
9780813055824
9781412862325
9781630910501
9780300224238
9781438460437
9789633860571
9780231541756
9780813938608
9781631012341
9781316478813
9781849469920
9781118740712
9781316465547
9781316587447
9781621574385
9780520962217
9780199333615
9781316534748
9781782843337
9780857727824
9789027266705
9783839433126
9781462918836
9780472121977
9780824852894
9781509905904
9781400883677
9780262337076
9789004322783
9781509901012
9781119277880
9781316343951
9781464806612
9780874170023
9780300222159
9781501705854
9781440839375
9781317282969
9781316474952
9780544273085
9780268100704
9781609174637
9781316474877
9781469629322
9780813574387
9780833095039
9781464808180
9781322044958
9780874170054
9783110455298
9780823268771
9781782255710
9781317220503
9780472122127
9781509903849
9780268100421
9780774831758
9781610755979
9780814274286
9780268100469
9780300225655
9781316658789
9780809334933
9781681235288
9781400883189
9780874170009
9781316459904
9780874170047
9781479866991
9780295999142
9781472523600
9781783718030
9781464808111
9781782043188
9781442625549
9781782415336
9781612348575
9781771883153
9780253022400
9781911137016
9781316481103
9781474259422
9780826127389
9781316726273
9789004319196
9781442624115
9780822373964
9781316031728
9780803295476
9780803295445
9781400882878
9781316787199
9781496808363
9780815728900
9780822373834
9781783198542
9780472121724
9783447194976
9780253020949
9780815729624
9781479863914
9781501319440
9783839433447
9781316595657
9781442619326
9780806157108
9781627054218
9781316178560
9780804799737
9781628922387
9781781174043
9781501307539
9781107326330
9781472508638
9781139924795
9781780745756
9781786355652
9780821445853
9781440839672
9781849199391
9780803296497
9783110348286
9781316749296
9780803295414
9780520965034
9781501706325
9781452953106
9781472567659
9781316724583
9781473881778
9781316561089
9781770564657
9780472121953
9781783096350
9780812293616
9780822373643
9781315357188
9780520966727
9781771860932
9781315355467
9781464809033
9781782842910
9781440843716
9789004328525
9781438462233
9781400882977
9780544103856
9781939681584
9781566894623
9781440833168
9781438463254
9781118597934
9781469628561
9781438462868
9780199916535
9780749478322
9789004273818
9789004325784
9781412862301
9781139942072
9781943665495
9781621535041
9789004322998
9780815727798
9780309440974
9781681235547
9780674974135
9781783197408
9781612348681
9789004327153
9781137583031
9781400883165
9781474279819
9781509512249
9780822373551
9781681235622
9781610699402
9781400883387
9781609175061
9781479877201
9781316793626
9781509906130
9781610755931
9781503600423
9781785331701
9781472534699
9781627055024
9781784503451
9780300224719
9781612348926
9781316778067
9783319439341
9781462526086
9781503600560
9781487511708
9781316748510
9781440837159
9780226388281
9781611177022
9780803296527
9781316493021
9780813168623
9780520963290
9781316811191
9780472122172
9781316690420
9781473881846
9781474263207
9783110494129
9780472121663
9781782048381
9780674972537
9789004272644
9780822373575
9781503600584
9789004322806
9781442619609
9780253023193
9781479809592
9780857094865
9781479853687
9781616206536
9781501316630
9781412864497
9780813052908
9781627055031
9783110430608
9780810134089
9781627058773
9781612348810
9781609175146
9780674973084
9781786731401
9780262341400
9781438463834
9781469631400
9781616206512
9781474259507
9781474233538
9781440834615
9781623366919
9780081020265
9781509909964
9780567213693
9780300224849
9781316984925
9780674973299
9780817388782
9780815730033
9783110430585
9781462524792
9781316106914
9780567670564
9781474237956
9781786731135
9780674973459
9781464810046
9781119302902
9781512600308
9781681235141
9781782049005
9781609175153
9781509902835
9780300224900
9780774832250
9780674973480
9780226415666
9781440842696
9781108224680
9781941411360
9781412863766
9781615047338
9780300225174
9781782258414
9780253025029
9780773548336
9780816536115
9780674974388
9781440835353
9781474269124
9780674973725
9781681235776
9781627059831
9781509902378
9789004324886
9781785704789
9780300225075
9781119320746
9781479844272
9781137590206
9780128034460
9780544611184
9781848895812
9781316724255
9783110479454
9781438461663
9781412863803
9781316782545
9780815728436
9780231542685
9781474298445
9780081002797
9783319422190
9780081012796
9789004335400
9783110493887
9781620972083
9780226400006
9781786720542
9781479871230
9780567657664
9781631012372
9780226427034
9781118750643
9780190469511
9781316748671
9783319445793
9780226413877
9780309442510
9781780748955
9781472514592
9781501705953
9783110473254
9781316876701
9780190252953
9781472514240
9781610694971
9781910376591
9781627052979
9780231542340
9780814646007
9781844864034
9781316771440
9780745688671
9781782843634
9781459731776
9781316842591
9781474261661
9780231543446
9780830893249
9789004333185
9789004336384
9780253023209
9789004335868
9781474283106
9780226411156
9781316778043
9781509902224
9780190627720
9781400884544
9781782415596
9781785331589
9781681235950
9781498233927
9781479843619
9781452951980
9780309444545
9781452952031
9781786720238
9781498701174
9781782048671
9780822373759
9780702257216
9781474265546
9789633861158
9780567672544
9780226409351
9789027266231
9780822373797
9780567670717
9780830873074
9781400883608
9781108111607
9781440835650
9781611689938
9781782048688
9789004244962
9780309447799
9781612348759
9781315397818
9781785332494
9781474263757
9781785370830
9780826357489
9781786350558
9781474296472
9781786355539
9781474279727
9780745692203
9780830873340
9781598297690
9780309442725
9780812293289
9781108112154
9781316599686
9783319399782
9789088903700
9789004331563
9781464809422
9781315364391
9780773599970
9781315371139
9781509902460
9789004314757
9780702257353
9781781174630
9781498769471
9781847659361
9781619028579
9780822373872
9783110368826
9781474279901
9781464808258
9789027266569
9781627059435
9780567670823
9781440833601
9780826120632
9780807165614
9781440832789
9781464808203
9781481306553
9780826357991
9781440844782
9781780018492
9780081005798
9780544960138
9781786800756
9781610756129
9780819577139
9780226470443
9781784504915
9780812293814
9783110470420
9781400884988
9780226287225
9781400884766
9789004339422
9780226448244
9780191076534
9781772123081
9780815729013
9781108139366
9781610756013
9781464808913
9783038219811
9780774833462
9780226437378
9781464810008
9780813052700
9781786731548
9789004328747
9780826170118
9780226921945
9781440838996
9781612349398
9781627059671
9781786731029
9789956764525
9780813052823
9780813169842
9780773549111
9780226083391
9781616207182
9780996485265
9781609384999
9781627056441
9780300227598
9780299312336
9780833097736
9781440832963
9781496201171
9781473987388
9781317357445
9780226469768
9781785703867
9781453905395
9789004315235
9783110519334
9781610756020
9780190611866
9781787143050
9781786731517
9781610756099
9781772122770
9780822982814
9781558614109
9789004319561
9780822982463
9781626256217
9781782258704
9780268101572
9780822982456
9781782049395
9780822981930
9781782049166
9781469631202
9780813169361
9781849352451
9781780237763
9783319453279
9780253024060
9781473864870
9781441192134
9781942658153
9780823273430
9781512600148
9780821446041
9780806158242
9780128498620
9781573668705
9781611177473
9780891126171
9780827612976
9780300227710
9781782252894
9781472508690
9781786800190
9780813939506
9781469631356
9781421420998
9781782049265
9781108147316
9781108117005
9781609385057
9781108224574
9781609384876
9781786731883
9781609175283
9781782256373
9780833096951
9781469632971
9781400884612
9781627058810
9780226195216
9781462529285
9781772123159
9781786731166
9781440852374
9781108111621
9781627054652
9780813169460
9780822982494
9781611177411
9781784504731
9781316837092
9781108219327
9783110492576
9781509908042
9781400885022
9781782049326
9781626259263
9781627058933
9781469633008
9781573668712
9780861969258
9780813168883
9780826521262
9781440837012
9781108114462
9780252099434
9781452953403
9780190603410
9781440844386
9781464809477
9781439903315
9781628925180
9781108181648
9781610756112
9780300227994
9781479860135
9781772123180
9780822373148
9781786720665
9783319503103
9780813939469
9781509900015
9781772123074
9781440839252
9780567672254
9783319337388
9781472585004
9781474281836
9781351982757
9781786350312
9780520967410
9780813169095
9780816536184
9781509905492
9781315166049
9781631012990
9781509906680
9781349950225
9781452953281
9781609175269
9780226468167
9781617755033
9780226427201
9780252099205
9781496200976
9781782049159
9781472510600
9780300226317
9789004336087
9781498295871
9781474291446
9781885635563
9781925495362
9783319493077
9781630914486
9781509906833
9781440839894
9781137270269
9781681236902
9780822373322
9780309451413
9781509905430
9780804040792
9789004336568
9781440842092
9780813059778
9781472514165
9780822373285
9780812293654
9781440843129
9781108111737
9780773548886
9780231851046
9780830891627
9780300227734
9781496200822
9780816536160
9781782843665
9781509906017
9781438464046
9781612349145
9780813059716
9783319440514
9789027266040
9780544303232
9780874174663
9780819577207
9781780373171
9780190210045
9781474222624
9781496200136
9781441198136
9780300227789
9781574416855
9781440842948
9781602233126
9780544824263
9780873354349
9781532604966
9789004323797
9781782415756
9781512600445
9781782257387
9781608467457
9781509909490
9781438463469
9781607325123
9781462528806
9781472585547
9781566894616
9781610756105
9781316724637
9781474229203
9781782415473
9781786720740
9780313352911
9781609385071
9781780237022
9780190274191
9789004342330
9780822373339
9783319489711
9783319482842
9783319441207
9781496201256
9781784503130
9780830881024
9780081020289
9781786351579
9789004339262
9781474297219
9781496200198
9780199399079
9780268100957
9781469630960
9789027266460
9780253025074
9780520967311
9780262338448
9789027266118
9781681236933
9781509909995
9781474286183
9781847889591
9781509909063
9781496200228
9781487511531
9781464809644
9780773549005
9781439659335
9781440839955
9780809335787
9780520967366
9783319410128
9781447336662
9781469632551
9783319420493
9780520959910
9781438464190
9781631012556
9780826358165
9781608467501
9781438464404
9783319433370
9781607324492
9781786720863
9789004338210
9781624665981
9781474276191
9781784505202
9781509900855
9781469631226
9780815727651
9781316761045
9781400885626
9781583676202
9781108218733
9781608467464
9781317658696
9781315354323
9781474272803
9780814274590
9781469631165
9789004325098
9781472533531
9780813229096
9781786357458
9781782049142
9783319487816
9781316747629
9780231542913
9780824858674
9781438463650
9781621575696
9781609405236
9781316840306
9780190253288
9780231545280
9781849352550
9781509906215
9781786720627
9781316862506
9781474258913
9781742247960
9781474299190
9780824858629
9781464809620
9781469632056
9781602233140
9780253024107
9780812293708
9781400883240
9780226411774
9780231542593
9780081005422
9781782413592
9781474229418
9781786358820
9781760460310
9780226443409
9781469631295
9789004338449
9780809335749
9781472570642
9781783717644
9780827613287
9789004337947
9781315341309
9781469631325
9783110369632
9780826180063
9780226432199
9781594038860
9781469631066
9780226429137
9781108113915
9780810134560
9789811015663
9781503601628
9780826357861
9781786730794
9781479873906
9783110465525
9781452953717
9781452953779
9780226318462
9781440833649
9781785611759
9781474236782
9789004340664
9781616206550
9781782259190
9780774832205
9789004330757
9781496200068
9781786356956
9781782843849
9780299309534
9780809335763
9781421421858
9781784997649
9781617052682
9781440833687
9781472581631
9780804040754
9780252098888
9781440854842
9781786352910
9781316809525
9780774833066
9781509911301
9780826194367
9780813168555
9781474283311
9781316669105
9783319397023
9781412864527
9781469631141
9780231543316
9780520966239
9781316843031
9781350013124
9781439914403
9781496200259
9780773548954
9780252098796
9781786721532
9789004326965
9789004340015
9781942658214
9783110351453
9781496200099
9781786391735
9781479822980
9781631575143
9781108114851
9780773548367
9781440838958
9780226437996
9783319471846
9781447331117
9781615046911
9780874174656
9781782049173
9780813571041
9781786720337
9781849199339
9781786730800
9781583676288
9781479851393
9780821445792
9781350000087
9780544784208
9783319402628
9781315355818
9781616206543
9780812293517
9781609175085
9780544953871
9780813586120
9781316840320
9781474299152
9781479830695